0.9994930622118551
0.9991784072711699
0.9989216820147386
0.9986997616311636
0.9985012949450998
0.9983198633692365
0.9981514747096587
0.997993474283268
0.9978440076240617
0.9977017288200453
0.9975656302389424
0.9974349373696161
0.9973090409651376
0.9971874517197182
0.9970697691555593
0.9969556597858852
0.9968448415040296
0.9967370722458638
0.9966321416391293
0.9965298647721981
0.9964300774861635
0.9963326327743198
0.9962373979950226
0.9961442526879473
0.9960530868422425
0.995963799506378
0.9958762976587915
0.9957904952794703
0.9957063125777414
0.9956236752788249
0.9955425140356435
0.9954627642367255
0.9953843654108939
0.9953072608683546
0.9952313973847439
0.9951567249210899
0.9950831963742276
0.9950107673532225
0.9949393959781797
0.9948690426984198
0.9947996701276195
0.9947312428937835
0.9946637275023387
0.9945970922108919
0.9945313069143585
0.9944663430393789
0.9944021734471236
0.9943387723435951
0.9942761151967594
0.9942141786598871
0.9941529405004754
0.9940923795343127
0.99403247556421
0.99397320932305
0.9939145624206935
0.9938565172945395
0.9937990571633321
0.9937421659840486
0.993685828411576
0.9936300297609469
0.9935747559719584
0.9935199935760205
0.9934657296649975
0.9934119518619648
0.9933586482937323
0.9933058075650055
0.9932534187341047
0.9932014712901509
0.9931499551316476
0.9930988605463763
0.9930481781925298
0.9929978990810074
0.9929480142700395
0.9928985153625111
0.9928493943294765
0.9928006434337323
0.9927522552167446
0.9927042224862249
0.9926565383043402
0.9926091959764691
0.9925621890405111
0.9925155112566931
0.9924691565978356
0.9924231192400569
0.9923773935538959
0.9923319740958184
0.9922868556000911
0.9922420329710298
0.9921975012755503
0.9921532557360435
0.9921092917235675
0.9920656047513067
0.9920221904683058
0.9919790446534467
0.9919361632097042
0.9918935421585868
0.9918511776348224
0.9918090658812514
0.9917672032439044
0.9917255861672737
0.9916842111897596
0.991643074939293
0.9916021741290999
0.9915615055536441
0.9915210660846969
0.9914808526675525
0.9914408623173836
0.9914010921157101
0.9913615392070058
0.9913222007955038
0.9912830741419042
0.9912441565602819
0.9912054454152025
0.991166938118866
0.9911286321283549
0.991090524942978
0.991052614101713
0.9910148971807222
0.9909773717909885
0.9909400355760077
0.9909028862095898
0.990865921393726
0.99082913885655
0.9907925363503782
0.9907561116498294
0.9907198625500226
0.9906837868648496
0.9906478824253436
0.9906121470780977
0.9905765786837772
0.9905411751157028
0.9905059342585113
0.9904708540068821
0.9904359322643501
0.9904011669421963
0.9903665559583842
0.9903320972365941
0.9902977887053434
0.9902636282971606
0.9902296139478263
0.9901957435957212
0.9901620151812374
0.9901284266462838
0.9900949759338595
0.9900616609877313
0.9900284797522155
0.9899954301720468
0.9899625101923435
0.9899297177586988
0.9898970508173771
0.9898645073155938
0.9898320852018866
0.9897997825769425
0.989767597566014
0.9897355281303721
0.9897035722342685
0.9896717278455923
0.9896399929364706
0.9896083654839115
0.9895768434704677
0.9895454248848692
0.9895141077227156
0.9894828899872069
0.9894517696899108
0.9894207448515846
0.9893898135030528
0.9893589736861561
0.9893282234547424
0.9892975608757455
0.9892669840303002
0.9892364910149165
0.9892060799427144
0.9891757489447451
0.9891454961713962
0.9891153197934245
0.9890852180035333
0.9890551890177921
0.9890252310770806
0.9889953424485504
0.988965521427107
0.9889357663368968
0.9889060755328068
0.9888764474019637
0.9888468803652429
0.988817372878754
0.9887879234353328
0.9887585305660139
0.988729192841496
0.9886999088735728
0.9886706773165517
0.9886414968686432
0.9886123662733144
0.9885832843206125
0.9885542498484472
0.9885252617438336
0.988496318944089
0.98846742043798
0.9884385652668194
0.9884097525255046
0.9883809813635064
0.9883522509857823
0.9883235606536362
0.9882949096855143
0.988266297457714
0.9882377234050365
0.9882091870213542
0.988180687860109
0.9881522255347219
0.9881237997189227
0.9880954101470024
0.9880670566139651
0.9880387389756058
0.988010457148488
0.9879822111098403
0.9879540008973451
0.987925826608854
0.9878976884019851
0.9878695864936445
0.9878415211594365
0.9878134927329858
0.987785501605153
0.9877575482231575
0.9877296330896
0.9877017567613843
0.9876739198485409
0.9876461230129472
0.9876183669669536
0.9875906524719005
0.987562980336545
0.9875353514153848
0.9875077666068748
0.987480226851554
0.9874527331300792
0.9874252864611409
0.9873978878993137
0.9873705385328034
0.9873432394811262
0.9873159918926837
0.9872887969423473
0.9872616558289208
0.9872345697726345
0.9872075400126283
0.9871805678044177
0.987153654417428
0.9871268011325534
0.9871000088798496
0.9870732789486663
0.9870466126401112
0.9870200112578774
0.9869934761060931
0.9869670084870646
0.9869406096990058
0.9869142810337495
0.9868880237743876
0.9868618391929328
0.9868357285478853
0.9868096930818276
0.9867837340189509
0.986757852562618
0.9867320498928889
0.9867063271640617
0.9866806855022536
0.9866551260029821
0.986629649728789
0.9866042577069191
0.9865789509270453
0.9865537303390384
0.9865285968508146
0.9865035513262524
0.9864785945831775
0.9864537273914317
0.986428950471022
0.9864042644903586
0.9863796700645916
0.9863551677540277
0.9863307580626487
0.9863064414367486
0.9862822182636426
0.9862580888705028
0.9862340535233034
0.9862101124258524
0.9861862657189586
0.9861625134796892
0.9861388557207573
0.9861152923900073
0.9860918233700184
0.9860684484778272
0.9860451674647394
0.9860219800162786
0.9859988857522287
0.9859758842267813
0.9859529749288006
0.985930157282174
0.9859074306462883
0.9858847943165954
0.985862247525295
0.9858397894421289
0.9858174191753469
0.9857951357728183
0.9857729382233847
0.9857508254584668
0.9857287963539777
0.9857068497326003
0.9856849843663508
0.9856631989793454
0.9856414924612039
0.9856198637354798
0.985598311398273
0.9855768340067934
0.9855554300809178
0.9855340981043975
0.9855128365260302
0.9854916437608436
0.9854705181914822
0.9854494581697937
0.9854284620186828
0.9854075280342214
0.9853866544879539
0.9853658396293835
0.9853450816886197
0.9853243788791214
0.9853037294005198
0.9852831314415024
0.9852625831827103
0.9852420827996761
0.9852216284657422
0.9852012183549749
0.9851808506450562
0.9851605235201484
0.985140235173729
0.9851199838113773
0.9850997676535179
0.9850795849381166
0.9850594339233187
0.9850393128900412
0.9850192201444901
0.9849991540206241
0.9849791128825427
0.9849590951268112
0.9849390991847111
0.9849191235244141
0.9848991666530718
0.9848792271188411
0.984859303512804
0.9848393944708217
0.9848194986752907
0.9847996148568101
0.9847797417957573
0.9847598783237803
0.9847400233251756
0.9847201757381899
0.9847003345562142
0.9846804988288793
0.9846606676630548
0.9846408402237531
0.9846210157349194
0.9846011934801343
0.9845813728032075
0.9845615531086715
0.9845417338621778
0.9845219145907907
0.9845020948831741
0.9844822743896896
0.9844624528223912
0.9844426299549133
0.9844228056222789
0.9844029797205955
0.9843831522066661
0.9843633230975051
0.9843434924697639
0.9843236604590646
0.9843038272592409
0.9842839931215135
0.9842641583535569
0.9842443233185043
0.9842244884338593
0.9842046541703466
0.9841848210506757
0.9841649896482418
0.9841451605857544
0.9841253345338072
0.9841055122093721
0.9840856943742526
0.9840658818334639
0.984046075433572
0.9840262760609784
0.9840064846401548
0.9839867021318424
0.9839669295312078
0.9839471678659497
0.9839274181944051
0.9839076816035875
0.9838879592072223
0.9838682521437544
0.9838485615743332
0.9838288886807822
0.9838092346635581
0.9837896007397066
0.9837699881407909
0.9837503981108384
0.9837308319042869
0.983711290783922
0.9836917760188248
0.9836722888823479
0.9836528306500762
0.9836334025978275
0.983614005999658
0.9835946421258962
0.9835753122411975
0.9835560176026393
0.9835367594578266
0.9835175390430481
0.983498357581459
0.9834792162812996
0.983460116334165
0.9834410589133107
0.9834220451719969
0.983403076241894
0.9833841532315313
0.9833652772248025
0.9833464492795045
0.9833276704259679
0.9833089416657276
0.9832902639702521
0.9832716382797596
0.9832530655020645
0.9832345465115474
0.9832160821481485
0.983197673216475
0.9831793204849676
0.9831610246851405
0.9831427865109408
0.9831246066181301
0.9831064856238053
0.983088424105952
0.9830704226031038
0.9830524814906748
0.9830346012298018
0.9830167822436069
0.9829990249150562
0.9829813295869237
0.9829636965618568
0.9829461261024605
0.9829286184314421
0.9829111737318691
0.9828937921474552
0.9828764737830219
0.9828592187049551
0.9828420269418077
0.9828248984849878
0.9828078332894707
0.9827908312744837
0.9827738924948001
0.9827570168374287
0.9827402041186355
0.9827234541210267
0.9827067665939161
0.9826901412536462
0.9826735777839292
0.9826570758361817
0.9826406350300096
0.9826242549537558
0.9826079351651619
0.9825916751921457
0.9825754745336849
0.9825593326608049
0.9825432490176181
0.9825272230224551
0.9825112540690518
0.9824953415277683
0.9824794847468514
0.982463683053721
0.9824479357562673
0.9824322421441768
0.9824166014902395
0.9824010130516797
0.9823854760714827
0.9823699897797064
0.9823545533947912
0.982339166124861
0.9823238271690199
0.9823085357186195
0.9822932909585198
0.9822780920683386
0.9822629382236846
0.9822478285973416
0.9822327623604751
0.9822177386837933
0.982202756738682
0.9821878156983246
0.9821729147387981
0.9821580530401368
0.9821432297873682
0.9821284441715312
0.9821136953906524
0.9820989826506993
0.9820843051665069
0.9820696621626674
0.982055052874382
0.9820404765482992
0.9820259324433019
0.9820114198312725
0.9819969379978172
0.9819824862429581
0.9819680638817956
0.9819536702451271
0.9819393046800412
0.9819249665504666
0.9819106552376909
0.9818963701408489
0.9818821106773624
0.9818678762833654
0.9818536664140668
0.9818394805441074
0.9818253181678567
0.9818111787997013
0.9817970619742655
0.9817829672466372
0.981768894192528
0.9817548424084189
0.9817408115116671
0.9817268011405815
0.9817128109544694
0.981698840633654
0.981684889879445
0.9816709584141081
0.9816570459807825
0.9816431523433926
0.9816292772864924
0.9816154206151338
0.9816015821546751
0.9815877617505795
0.981573959268182
0.9815601745924332
0.9815464076276277
0.9815326582971079
0.9815189265429404
0.981505212325584
0.9814915156235352
0.9814778364329458
0.9814641747672388
0.9814505306567006
0.981436904148057
0.9814232953040407
0.9814097042029378
0.98139613093813
0.981382575617615
0.9813690383635322
0.9813555193116625
0.9813420186109337
0.9813285364229011
0.9813150729212496
0.9813016282912456
0.9812882027292296
0.9812747964420827
0.9812614096466886
0.9812480425693934
0.9812346954454697
0.9812213685185818
0.9812080620402333
0.9811947762692427
0.9811815114711886
0.9811682679178848
0.98115504588685
0.9811418456607692
0.9811286675269696
0.9811155117769037
0.981102378705626
0.9810892686112987
0.9810761817946677
0.9810631185585963
0.9810500792075332
0.981037064047073
0.981024073383467
0.9810111075231691
0.9809981667723809
0.980985251436598
0.9809723618201927
0.9809594982259925
0.9809466609548723
0.9809338503053441
0.9809210665731878
0.9809083100510672
0.9808955810281832
0.9808828797899143
0.980870206617495
0.9808575617876811
0.9808449455724669
0.9808323582387657
0.9808198000481628
0.9808072712566216
0.9807947721142434
0.9807823028650395
0.9807698637466911
0.980757454990331
0.9807450768203693
0.9807327294542704
0.9807204131083019
0.9807081280188304
0.9806958743819018
0.9806836523859096
0.9806714622114805
0.980659304031318
0.9806471780100907
0.9806350843043059
0.9806230230622125
0.9806109944236877
0.9805989985201615
0.9805870354745365
0.980575105401132
0.9805632084056303
0.9805513445850507
0.9805395140277299
0.9805277168133075
0.9805159530127492
0.9805042226883615
0.9804925258938292
0.9804808626742673
0.9804692330662843
0.9804576370980543
0.9804460747894055
0.9804345461519176
0.9804230511890228
0.9804115898961364
0.9804001622607639
0.9803887682626471
0.9803774078739068
0.9803660810591855
0.9803547877758122
0.9803435279739443
0.9803323015967602
0.980321108580615
0.9803099488552294
0.9802988223438569
0.9802877289634881
0.9802766686250202
0.9802656412334699
0.9802546466881493
0.9802436848828768
0.9802327557061767
0.9802218590414701
0.980210994767293
0.980200162757481
0.9801893628813967
0.9801785950041207
0.9801678589866653
0.98015715468617
0.9801464819561221
0.980135840646549
0.9801252306042268
0.9801146516728843
0.9801041036934135
0.9800935865040523
0.9800830999406003
0.9800726438366072
0.9800622180235723
0.9800518223311363
0.9800414565872644
0.9800311206184508
0.9800208142498805
0.9800105373056369
0.9800002896088553
0.9799900709819291
0.9799798812466584
0.979969720224414
0.9799595877363205
0.979949483603419
0.979939407646807
0.9799293596878036
0.9799193395481016
0.9799093470499113
0.9798993820160887
0.9798894442703066
0.9798795336371371
0.9798696499422315
0.979859793012419
0.9798499626758179
0.979840158761975
0.9798303811019649
0.9798206295284938
0.9798109038760079
0.9798012039807936
0.9797915296810592
0.979781880817027
0.979772257231037
0.9797626587676106
0.9797530852735189
0.9797435365978747
0.9797340125921788
0.9797245131104018
0.9797150380090295
0.9797055871471241
0.9796961603863783
0.9796867575911415
0.9796773786284965
0.9796680233682572
0.9796586916830432
0.979649383448278
0.9796400985422347
0.9796308368460418
0.9796215982437316
0.9796123826222211
0.9796031898713482
0.9795940198838727
0.9795848725554792
0.9795757477847852
0.9795666454733405
0.9795575655256145
0.9795485078489912
0.9795394723537699
0.9795304589531477
0.9795214675631853
0.9795124981028199
0.9795035504938222
0.9794946246607782
0.9794857205310681
0.9794768380348424
0.979467977104968
0.9794591376770354
0.9794503196892778
0.9794415230825771
0.9794327478003929
0.9794239937887494
0.9794152609961816
0.9794065493736851
0.9793978588746817
0.9793891894549667
0.9793805410726781
0.9793719136882266
0.9793633072642485
0.9793547217655811
0.9793461571591747
0.9793376134140629
0.9793290905013006
0.9793205883939213
0.9793121070668657
0.9793036464969289
0.9792952066627165
0.9792867875445861
0.9792783891245774
0.9792700113863662
0.9792616543152135
0.9792533178978838
0.9792450021226144
0.9792367069790442
0.9792284324581569
0.9792201785522262
0.9792119452547545
0.9792037325604227
0.9791955404650273
0.9791873689654319
0.9791792180594906
0.9791710877460201
0.9791629780247211
0.9791548888961279
0.9791468203615729
0.9791387724231145
0.9791307450834852
0.9791227383460409
0.9791147522147086
0.9791067866939356
0.9790988417886487
0.9790909175041829
0.9790830138462513
0.9790751308208939
0.9790672684344245
0.9790594266933825
0.9790516056044998
0.9790438051746436
0.9790360254107784
0.979028266319928
0.9790205279091317
0.9790128101853879
0.9790051131556424
0.9789974368267337
0.9789897812053473
0.9789821462980014
0.9789745321109977
0.9789669386503853
0.9789593659219324
0.9789518139310984
0.9789442826829922
0.9789367721823593
0.9789292824335293
0.9789218134404039
0.9789143652064352
0.9789069377345827
0.9788995310273033
0.9788921450865236
0.9788847799136118
0.9788774355093651
0.9788701118739854
0.978862809007061
0.9788555269075501
0.9788482655737578
0.9788410250033279
0.9788338051932192
0.9788266061396999
0.9788194278383255
0.9788122702839376
0.9788051334706398
0.978798017391799
0.9787909220400279
0.9787838474071845
0.9787767934843546
0.9787697602618534
0.9787627477292116
0.9787557558751807
0.978748784687722
0.9787418341540013
0.97873490426039
0.9787279949924607
0.978721106334992
0.9787142382719601
0.9787073907865449
0.9787005638611248
0.9786937574772855
0.9786869716158174
0.9786802062567203
0.9786734613792047
0.9786667369616985
0.9786600329818512
0.9786533494165357
0.9786466862418628
0.9786400434331742
0.9786334209650592
0.9786268188113599
0.9786202369451769
0.978613675338879
0.9786071339641087
0.9786006127917963
0.9785941117921626
0.978587630934734
0.9785811701883497
0.9785747295211729
0.9785683089007003
0.9785619082937733
0.9785555276665915
0.9785491669847199
0.9785428262131037
0.9785365053160789
0.9785302042573817
0.9785239230001653
0.9785176615070129
0.9785114197399442
0.9785051976604316
0.9784989952294144
0.9784928124073072
0.9784866491540195
0.978480505428964
0.9784743811910697
0.9784682763987972
0.9784621910101521
0.9784561249826953
0.9784500782735609
0.9784440508394646
0.9784380426367215
0.9784320536212548
0.9784260837486166
0.9784201329739932
0.9784142012522185
0.9784082885377953
0.9784023947849023
0.9783965199474083
0.9783906639788833
0.9783848268326154
0.9783790084616204
0.9783732088186554
0.9783674278562334
0.9783616655266335
0.9783559217819112
0.9783501965739184
0.9783444898543057
0.9783388015745398
0.9783331316859186
0.9783274801395754
0.9783218468864947
0.978316231877524
0.9783106350633826
0.9783050563946752
0.9782994958218992
0.9782939532954606
0.9782884287656789
0.9782829221828039
0.9782774334970185
0.9782719626584532
0.9782665096171971
0.9782610743233026
0.9782556567267982
0.9782502567776985
0.9782448744260118
0.9782395096217457
0.9782341623149216
0.9782288324555807
0.9782235199937904
0.978218224879653
0.9782129470633183
0.9782076864949802
0.9782024431249
0.9781972169033979
0.9781920077808681
0.978186815707784
0.9781816406347077
0.9781764825122905
0.978171341291285
0.9781662169225461
0.9781611093570393
0.9781560185458492
0.9781509444401777
0.978145886991356
0.9781408461508471
0.9781358218702478
0.9781308141012998
0.9781258227958863
0.9781208479060449
0.9781158893839634
0.9781109471819905
0.9781060212526352
0.9781011115485707
0.9780962180226425
0.9780913406278647
0.9780864793174289
0.9780816340447024
0.9780768047632328
0.9780719914267532
0.9780671939891847
0.978062412404631
0.9780576466273873
0.9780528966119431
0.9780481623129803
0.9780434436853765
0.9780387406842055
0.9780340532647421
0.9780293813824613
0.9780247249930358
0.9780200840523425
0.9780154585164618
0.9780108483416751
0.9780062534844709
0.9780016739015425
0.9779971095497864
0.977992560386306
0.977988026368411
0.9779835074536178
0.9779790035996447
0.977974514764422
0.9779700409060811
0.9779655819829587
0.9779611379535992
0.9779567087767517
0.9779522944113649
0.9779478948165939
0.9779435099517986
0.9779391397765345
0.9779347842505639
0.9779304433338452
0.9779261169865401
0.9779218051690028
0.9779175078417893
0.9779132249656476
0.9779089565015231
0.977904702410552
0.9779004626540622
0.9778962371935715
0.9778920259907878
0.9778878290076042
0.9778836462061018
0.9778794775485472
0.9778753229973851
0.9778711825152426
0.9778670560649272
0.977862943609421
0.977858845111886
0.9778547605356521
0.9778506898442246
0.9778466330012792
0.9778425899706579
0.9778385607163712
0.9778345452025905
0.9778305433936503
0.9778265552540488
0.9778225807484398
0.9778186198416329
0.977814672498592
0.977810738684436
0.9778068183644316
0.9778029115039932
0.9777990180686843
0.9777951380242093
0.9777912713364165
0.9777874179712939
0.9777835778949687
0.977779751073702
0.9777759374738892
0.9777721370620586
0.9777683498048673
0.9777645756690987
0.9777608146216661
0.9777570666296025
0.9777533316600654
