0.994253059743436
0.9904661336366357
0.9874966705379201
0.9850243288331301
0.98289011491079
0.9810033427801116
0.9793072012523869
0.9777636584843029
0.9763459607931421
0.9750345403145366
0.9738146183977818
0.9726747233263817
0.9716057337272912
0.9706002402106669
0.9696521077900455
0.9687561692459239
0.9679080061818398
0.9671037900773435
0.9663401651133049
0.9656141605182375
0.9649231240452201
0.9642646707536261
0.9636366430026692
0.9630370787480138
0.9624641860559017
0.9619163223263376
0.9613919771250595
0.9608897578149108
0.9604083773860244
0.959946644035146
0.9595034521541774
0.9590777744684137
0.9586686551242609
0.9582752035702362
0.9578965891080341
0.9575320360153357
0.9571808191609588
0.9568422600475314
0.9565157232281368
0.9562006130522641
0.9558963707033659
0.9556024714959719
0.9553184224048431
0.9550437598023159
0.954778047383145
0.9545208742585798
0.9542718532037171
0.9540306190438348
0.9537968271671071
0.9535701521522958
0.9533502865014013
0.9531369394686576
0.9529298359766706
0.952728715612993
0.9525333317003152
0.9523434504341928
0.9521588500828135
0.9519793202438019
0.951804661153502
0.9516346830445895
0.9514692055482227
0.9513080571372751
0.9511510746074809
0.9509981025936136
0.9508489931180278
0.9507036051691522
0.9505618043076964
0.9504234622985288
0.950288456766349
0.9501566708734214
0.9500279930177897
0.9499023165504992
0.9497795395104884
0.9496595643759049
0.9495422978306923
0.9494276505454085
0.9493155369712765
0.9492058751465833
0.949098586514583
0.9489935957521356
0.9488908306083631
0.9487902217526653
0.9486917026314817
0.9485952093332245
0.9485006804608586
0.9484080570116435
0.948317282263574
0.9482283016680927
0.9481410627487001
0.9480555150050769
0.9479716098223802
0.9478893003854055
0.9478085415973148
0.9477292900026542
0.9476515037143922
0.9475751423447706
0.9475001669397015
0.9474265399165389
0.9473542250050048
0.9472831871910775
0.9472133926637404
0.9471448087643508
0.9470774039384913
0.9470111476902044
0.9469460105384305
0.9468819639755751
0.946818980428043
0.9467570332186603
0.9466960965308783
0.9466361453746468
0.9465771555538881
0.9465191036354736
0.9464619669196305
0.9464057234116952
0.9463503517951556
0.9462958314059023
0.9462421422076362
0.9461892647683695
0.9461371802379654
0.9460858703266619
0.9460353172845354
0.9459855038818513
0.9459364133902626
0.9458880295648127
0.9458403366267021
0.9457933192467844
0.9457469625297561
0.9457012519990018
0.9456561735820735
0.9456117135967638
0.9455678587377514
0.9455245960637914
0.9454819129854194
0.9454397972531563
0.9453982369461802
0.9453572204614494
0.9453167365032562
0.9452767740731887
0.9452373224604885
0.9451983712327767
0.9451599102271442
0.9451219295415776
0.9450844195267178
0.9450473707779254
0.9450107741276518
0.9449746206380878
0.9449389015940953
0.9449036084963939
0.9448687330550009
0.9448342671829129
0.9448002029900152
0.9447665327772147
0.9447332490307788
0.9447003444168847
0.9446678117763542
0.9446356441195818
0.9446038346216383
0.9445723766175447
0.9445412635977131
0.9445104892035434
0.9444800472231722
0.9444499315873679
0.9444201363655651
0.9443906557620315
0.9443614841121641
0.944332615878914
0.9443040456493189
0.9442757681311656
0.944247778149747
0.9442200706447348
0.9441926406671534
0.9441654833764452
0.9441385940376356
0.9441119680185905
0.9440856007873504
0.9440594879095628
0.9440336250459817
0.9440080079500555
0.9439826324655847
0.9439574945244521
0.943932590144421
0.943907915427007
0.9438834665554053
0.9438592397924898
0.943835231478862
0.9438114380309649
0.9437878559392534
0.9437644817664124
0.943741312145632
0.9437183437789329
0.9436955734355345
0.943672997950277
0.9436506142220854
0.9436284192124745
0.9436064099441014
0.9435845834993543
0.9435629370189813
0.9435414677007596
0.9435201727981969
0.9434990496192738
0.9434780955252154
0.9434573079292982
0.9434366842956907
0.9434162221383214
0.9433959190197793
0.9433757725502436
0.9433557803864379
0.9433359402306174
0.9433162498295782
0.9432967069736923
0.9432773094959687
0.9432580552711383
0.9432389422147601
0.9432199682823534
0.9432011314685474
0.9431824298062551
0.9431638613658662
0.9431454242544602
0.9431271166150389
0.9431089366257772
0.9430908824992921
0.9430729524819291
0.9430551448530657
0.9430374579244317
0.9430198900394452
0.9430024395725648
0.9429851049286555
0.9429678845423712
0.9429507768775501
0.9429337804266246
0.9429168937100437
0.94290011527571
0.9428834436984304
0.9428668775793742
0.9428504155455487
0.9428340562492842
0.9428177983677307
0.9428016406023649
0.9427855816785099
0.942769620344864
0.9427537553730378
0.9427379855571073
0.9427223097131703
0.9427067266789158
0.9426912353132001
0.9426758344956353
0.9426605231261851
0.9426453001247658
0.942630164430861
0.9426151150031413
0.9426001508190943
0.9425852708746547
0.9425704741838548
0.9425557597784712
0.9425411267076833
0.9425265740377398
0.9425121008516272
0.9424977062487521
0.942483389344624
0.9424691492705446
0.9424549851733112
0.9424408962149129
0.9424268815722445
0.9424129404368216
0.942399072014498
0.9423852755251968
0.9423715502026382
0.9423578952940788
0.9423443100600505
0.9423307937741136
0.942317345722603
0.9423039652043881
0.9422906515306341
0.9422774040245671
0.9422642220212449
0.9422511048673348
0.9422380519208907
0.9422250625511364
0.9422121361382543
0.9421992720731779
0.9421864697573867
0.9421737286027065
0.9421610480311128
0.9421484274745366
0.9421358663746787
0.9421233641828207
0.9421109203596457
0.9420985343750564
0.9420862057080042
0.9420739338463132
0.9420617182865137
0.9420495585336769
0.9420374541012507
0.9420254045109031
0.9420134092923611
0.9420014679832625
0.9419895801290016
0.941977745282583
0.9419659630044755
0.9419542328624704
0.9419425544315425
0.9419309272937106
0.9419193510379051
0.9419078252598341
0.9418963495618562
0.9418849235528498
0.9418735468480917
0.9418622190691315
0.941850939843674
0.9418397088054585
0.9418285255941446
0.9418173898551979
0.9418063012397784
0.9417952594046312
0.9417842640119761
0.9417733147294087
0.9417624112297883
0.9417515531911433
0.9417407402965668
0.9417299722341208
0.9417192486967398
0.9417085693821348
0.9416979339927033
0.9416873422354356
0.9416767938218282
0.941666288467794
0.9416558258935777
0.9416454058236698
0.9416350279867265
0.9416246921154854
0.9416143979466879
0.9416041452210002
0.9415939336829353
0.9415837630807806
0.9415736331665201
0.9415635436957653
0.9415534944276808
0.9415434851249173
0.9415335155535405
0.9415235854829656
0.9415136946858891
0.9415038429382272
0.941494030019049
0.9414842557105155
0.941474519797818
0.9414648220691192
0.9414551623154914
0.941445540330862
0.9414359559119542
0.9414264088582328
0.9414168989718484
0.9414074260575845
0.9413979899228054
0.9413885903774029
0.9413792272337472
0.9413699003066374
0.9413606094132513
0.941351354373099
0.9413421350079748
0.9413329511419128
0.9413238026011409
0.9413146892140357
0.9413056108110814
0.9412965672248248
0.9412875582898351
0.9412785838426629
0.9412696437217993
0.9412607377676371
0.9412518658224318
0.9412430277302649
0.9412342233370053
0.941225452490274
0.9412167150394075
0.9412080108354243
0.9411993397309886
0.9411907015803785
0.9411820962394524
0.9411735235656155
0.9411649834177911
0.941156475656386
0.941148000143263
0.9411395567417092
0.941131145316408
0.9411227657334089
0.9411144178601015
0.9411061015651864
0.9410978167186488
0.9410895631917329
0.9410813408569136
0.9410731495878737
0.941064989259478
0.9410568597477487
0.941048760929842
0.9410406926840243
0.9410326548896499
0.9410246474271384
0.9410166701779523
0.9410087230245753
0.9410008058504926
0.9409929185401689
0.9409850609790283
0.9409772330534356
0.9409694346506757
0.9409616656589346
0.9409539259672826
0.9409462154656535
0.9409385340448289
0.9409308815964194
0.9409232580128484
0.9409156631873348
0.9409080970138778
0.9409005593872383
0.9408930502029265
0.9408855693571841
0.9408781167469705
0.940870692269948
0.9408632958244671
0.940855927309552
0.9408485866248887
0.9408412736708086
0.9408339883482786
0.9408267305588853
0.9408195002048253
0.9408122971888891
0.9408051214144537
0.9407979727854668
0.9407908512064371
0.9407837565824236
0.9407766888190234
0.9407696478223612
0.940762633499079
0.940755645756325
0.940748684501746
0.9407417496434752
0.9407348410901222
0.9407279587507656
0.9407211025349438
0.9407142723526429
0.9407074681142931
0.9407006897307545
0.9406939371133132
0.9406872101736716
0.9406805088239389
0.9406738329766269
0.9406671825446383
0.9406605574412621
0.9406539575801653
0.940647382875386
0.9406408332413273
0.9406343085927491
0.9406278088447622
0.9406213339128219
0.9406148837127225
0.9406084581605909
0.9406020571728785
0.9405956806663585
0.9405893285581187
0.9405830007655562
0.9405766972063722
0.9405704177985658
0.9405641624604305
0.9405579311105482
0.9405517236677841
0.9405455400512835
0.940539380180465
0.9405332439750176
0.9405271313548959
0.9405210422403157
0.9405149765517498
0.9405089342099243
0.9405029151358143
0.9404969192506408
0.9404909464758661
0.9404849967331904
0.940479069944548
0.9404731660321051
0.9404672849182558
0.9404614265256174
0.9404555907770299
0.940449777595551
0.9404439869044539
0.9404382186272238
0.9404324726875558
0.9404267490093522
0.9404210475167193
0.9404153681339646
0.940409710785596
0.9404040753963164
0.9403984618910244
0.9403928701948109
0.9403873002329554
0.9403817519309265
0.9403762252143779
0.9403707200091466
0.9403652362412518
0.9403597738368924
0.9403543327224457
0.9403489128244641
0.9403435140696756
0.9403381363849809
0.9403327796974517
0.9403274439343287
0.9403221290230221
0.9403168348911084
0.9403115614663284
0.9403063086765873
0.9403010764499542
0.9402958647146589
0.9402906733990907
0.9402855024317988
0.9402803517414898
0.9402752212570276
0.9402701109074318
0.940265020621876
0.9402599503296883
0.9402548999603498
0.9402498694434929
0.9402448587089017
0.9402398676865105
0.9402348963064027
0.9402299444988107
0.9402250121941148
0.9402200993228426
0.9402152058156689
0.9402103316034132
0.9402054766170417
0.9402006407876653
0.9401958240465381
0.9401910263250594
0.9401862475547702
0.9401814876673555
0.9401767465946422
0.9401720242685994
0.9401673206213369
0.9401626355851062
0.9401579690922994
0.9401533210754495
0.9401486914672289
0.9401440802004498
0.9401394872080647
0.9401349124231646
0.9401303557789795
0.9401258172088786
0.9401212966463699
0.9401167940250986
0.9401123092788496
0.9401078423415448
0.9401033931472443
0.9400989616301465
0.9400945477245861
0.9400901513650372
0.9400857724861096
0.9400814110225518
0.9400770669092489
0.9400727400812232
0.9400684304736348
0.9400641380217798
0.9400598626610933
0.9400556043271456
0.9400513629556461
0.940047138482439
0.940042930843508
0.9400387399749721
0.9400345658130889
0.940030408294252
0.9400262673549936
0.9400221429319827
0.9400180349620251
0.940013943382065
0.9400098681291837
0.9400058091406003
0.9400017663536709
0.9399977397058914
0.9399937291348931
0.9399897345784467
0.9399857559744613
0.9399817932609831
0.9399778463761976
0.9399739152584285
0.939969999846138
0.9399661000779272
0.9399622158925357
0.9399583472288426
0.9399544940258652
0.939950656222761
0.9399468337588269
0.9399430265734985
0.9399392346063516
0.9399354577971019
0.9399316960856052
0.9399279494118569
0.9399242177159933
0.9399205009382902
0.9399167990191654
0.9399131118991763
0.9399094395190208
0.9399057818195403
0.9399021387417142
0.9398985102266654
0.9398948962156577
0.939891296650096
0.9398877114715278
0.9398841406216425
0.9398805840422709
0.9398770416753881
0.9398735134631093
0.9398699993476938
0.9398664992715435
0.939863013177203
0.9398595410073596
0.9398560827048444
0.9398526382126322
0.9398492074738408
0.9398457904317313
0.9398423870297099
0.939838997211325
0.9398356209202711
0.9398322581003857
0.9398289086956504
0.9398255726501924
0.9398222499082836
0.9398189404143398
0.939815644112922
0.9398123609487369
0.9398090908666358
0.9398058338116158
0.9398025897288194
0.939799358563534
0.9397961402611938
0.939792934767378
0.9397897420278118
0.9397865619883673
0.9397833945950614
0.939780239794059
0.9397770975316699
0.9397739677543511
0.9397708504087059
0.9397677454414852
0.9397646527995848
0.9397615724300499
0.9397585042800704
0.9397554482969843
0.9397524044282775
0.9397493726215813
0.9397463528246761
0.9397433449854886
0.9397403490520934
0.9397373649727128
0.9397343926957161
0.9397314321696213
0.9397284833430928
0.9397255461649441
0.9397226205841364
0.9397197065497778
0.9397168040111249
0.9397139129175828
0.939711033218705
0.9397081648641916
0.9397053078038923
0.9397024619878038
0.9396996273660719
0.9396968038889906
0.9396939915070026
0.9396911901706972
0.9396883998308144
0.9396856204382408
0.939682851944012
0.9396800942993118
0.9396773474554735
0.9396746113639763
0.9396718859764499
0.9396691712446724
0.9396664671205697
0.9396637735562166
0.9396610905038357
0.939658417915799
0.9396557557446259
0.9396531039429852
0.9396504624636932
0.9396478312597154
0.939645210284165
0.9396425994903037
0.9396399988315414
0.9396374082614364
0.9396348277336956
0.939632257202173
0.9396296966208724
0.9396271459439439
0.9396246051256872
0.9396220741205489
0.9396195528831243
0.9396170413681564
0.9396145395305362
0.9396120473253026
0.9396095647076412
0.9396070916328871
0.9396046280565218
0.9396021739341743
0.9395997292216222
0.939597293874789
0.939594867849747
0.9395924511027144
0.9395900435900586
0.9395876452682915
0.939585256094074
0.9395828760242133
0.9395805050156634
0.9395781430255251
0.939575790011046
0.9395734459296202
0.9395711107387884
0.9395687843962374
0.9395664668597999
0.9395641580874565
0.9395618580373316
0.9395595666676972
0.9395572839369708
0.9395550098037146
0.9395527442266378
0.9395504871645943
0.9395482385765838
0.9395459984217506
0.9395437666593847
0.9395415432489213
0.9395393281499398
0.9395371213221654
0.9395349227254652
0.9395327323198548
0.9395305500654906
0.9395283759226752
0.9395262098518548
0.9395240518136194
0.939521901768703
0.9395197596779837
0.9395176255024815
0.9395154992033616
0.9395133807419311
0.9395112700796406
0.9395091671780835
0.9395070719989965
0.9395049845042572
0.9395029046558874
0.9395008324160504
0.9394987677470512
0.9394967106113375
0.9394946609714979
0.9394926187902637
0.9394905840305063
0.9394885566552387
0.9394865366276154
0.9394845239109316
0.9394825184686232
0.939480520264266
0.939478529261577
0.939476545424413
0.9394745687167705
0.9394725991027861
0.9394706365467366
0.9394686810130369
0.9394667324662416
0.9394647908710455
0.9394628561922802
0.9394609283949177
0.9394590074440674
0.9394570933049774
0.9394551859430338
0.9394532853237603
0.9394513914128183
0.9394495041760074
0.9394476235792636
0.9394457495886599
0.939443882170407
0.9394420212908519
0.939440166916477
0.9394383190139021
0.9394364775498822
0.9394346424913093
0.9394328138052089
0.9394309914587439
0.9394291754192116
0.9394273656540443
0.9394255621308087
0.9394237648172066
0.9394219736810738
0.9394201886903798
0.9394184098132294
0.9394166370178589
0.9394148702726395
0.9394131095460748
0.9394113548068018
0.9394096060235901
0.9394078631653417
0.9394061262010905
0.9394043951000032
0.9394026698313782
0.9394009503646443
0.9393992366693635
0.9393975287152271
0.9393958264720578
0.9393941299098101
0.939392438998567
0.939390753708543
0.939389074010082
0.939387399873658
0.9393857312698736
0.9393840681694617
0.9393824105432822
0.939380758362326
0.9393791115977114
0.9393774702206847
0.9393758342026207
0.9393742035150218
0.939372578129517
0.9393709580178636
0.9393693431519458
0.9393677335037742
0.9393661290454851
0.9393645297493429
0.9393629355877362
0.9393613465331803
0.9393597625583159
0.9393581836359081
0.9393566097388477
0.9393550408401491
0.9393534769129527
0.9393519179305221
0.9393503638662455
0.9393488146936345
0.9393472703863242
0.9393457309180722
0.9393441962627598
0.9393426663943907
0.939341141287091
0.9393396209151085
0.9393381052528136
0.9393365942746968
0.9393350879553721
0.9393335862695724
0.939332089192153
0.9393305966980885
0.939329108762475
0.9393276253605273
0.9393261464675806
0.9393246720590895
0.9393232021106274
0.939321736597887
0.9393202754966792
0.9393188187829342
0.9393173664326993
0.9393159184221397
0.9393144747275392
0.9393130353252968
0.9393116001919307
0.9393101693040747
0.9393087426384793
0.9393073201720106
0.9393059018816514
0.9393044877444997
0.9393030777377691
0.9393016718387883
0.9393002700249994
0.9392988722739616
0.9392974785633462
0.9392960888709387
0.9392947031746393
0.9392933214524601
0.9392919436825273
0.9392905698430805
0.9392891999124707
0.9392878338691615
0.939286471691729
0.9392851133588604
0.9392837588493551
0.9392824081421223
0.9392810612161832
0.9392797180506692
0.9392783786248223
0.9392770429179935
0.9392757109096446
0.939274382579346
0.9392730579067778
0.9392717368717288
0.9392704194540962
0.9392691056338854
0.9392677953912105
0.9392664887062918
0.9392651855594591
0.9392638859311471
0.9392625898018987
0.9392612971523626
0.9392600079632951
0.9392587222155565
0.9392574398901138
0.939256160968039
0.9392548854305096
0.9392536132588077
0.9392523444343204
0.9392510789385373
0.9392498167530536
0.9392485578595677
0.9392473022398814
0.9392460498758988
0.9392448007496275
0.9392435548431762
0.9392423121387575
0.9392410726186848
0.9392398362653733
0.9392386030613399
0.9392373729892018
0.9392361460316776
0.9392349221715856
0.9392337013918445
0.9392324836754722
0.9392312690055872
0.939230057365407
0.9392288487382463
0.93922764310752
0.9392264404567414
0.9392252407695203
0.9392240440295658
0.9392228502206837
0.9392216593267769
0.9392204713318449
0.9392192862199837
0.9392181039753861
0.9392169245823403
0.9392157480252296
0.9392145742885335
0.9392134033568263
0.9392122352147761
0.9392110698471468
0.9392099072387948
0.9392087473746722
0.9392075902398226
0.939206435819384
0.9392052840985867
0.9392041350627537
0.9392029886973011
0.9392018449877355
0.9392007039196555
0.9391995654787515
0.9391984296508049
0.9391972964216874
0.9391961657773626
0.9391950377038829
0.9391939121873903
0.9391927892141176
0.9391916687703861
0.9391905508426067
0.9391894354172774
0.9391883224809863
0.9391872120204082
0.9391861040223065
0.9391849984735317
0.9391838953610216
0.9391827946718008
0.9391816963929794
0.9391806005117558
0.9391795070154126
0.9391784158913187
0.9391773271269281
0.9391762407097806
0.939175156627499
0.9391740748677918
0.9391729954184517
0.9391719182673539
0.9391708434024582
0.9391697708118066
0.9391687004835251
0.9391676324058215
0.9391665665669859
0.9391655029553903
0.9391644415594883
0.9391633823678143
0.939162325368984
0.9391612705516946
0.9391602179047231
0.9391591674169263
0.9391581190772419
0.9391570728746857
0.9391560287983534
0.9391549868374198
0.9391539469811377
0.9391529092188382
0.9391518735399311
0.9391508399339027
0.9391498083903175
0.9391487788988163
0.9391477514491173
0.9391467260310153
0.9391457026343802
0.9391446812491586
0.9391436618653719
0.9391426444731173
0.9391416290625665
0.9391406156239661
0.9391396041476356
0.9391385946239703
0.9391375870434383
0.9391365813965805
