0.9977150386099822
0.9962259605811362
0.995045644103357
0.9940525144317196
0.9931864953534374
0.9924134256937596
0.9917119521047169
0.991067805991247
0.9904709680695831
0.9899141244700626
0.9893917635369303
0.9888996173928926
0.988434301476519
0.987993073861421
0.9875736701608173
0.9871741877633637
0.9867930031454459
0.9864287118471311
0.9860800842537157
0.9857460325636612
0.9854255857749105
0.9851178704846131
0.9848220959487168
0.9845375422953918
0.9842635510975581
0.9839995177286481
0.9837448850808652
0.9834991383360823
0.9832618005592676
0.9830324289420109
0.9828106115660257
0.9825959645882248
0.982388129774851
0.9821867723339095
0.9819915790068724
0.9818022564322679
0.9816185296071803
0.9814401403354852
0.9812668459464902
0.9810984180567726
0.9809346414929012
0.9807753122411905
0.9806202384507576
0.9804692395010173
0.9803221447566883
0.9801787929161297
0.980039031387459
0.9799027157006835
0.9797697089603535
0.9796398813384274
0.9795131096050665
0.9793892766945137
0.9792682713032282
0.9791499875176201
0.9790343244689848
0.9789211860135116
0.9788104804354184
0.9787021201715029
0.9785960215555599
0.9784921045812746
0.9783902926820632
0.9782905125275881
0.978192693835054
0.9780967691942843
0.978002673906187
0.9779103458336014
0.9778197252637854
0.977730754781833
0.9776433791543874
0.9775575452230102
0.9774732018066237
0.9773902996124776
0.9773087911550884
0.9772286306826323
0.9771497741102604
0.9770721789598404
0.9769958043055805
0.9769206107249774
0.9768465602544594
0.9767736163489235
0.9767017438445845
0.9766309089215227
0.9765610790667559
0.9764922230353084
0.9764243108171436
0.9763573131908221
0.9762912015196389
0.9762259492753493
0.9761615310779838
0.9760979227110024
0.9760351011308951
0.9759730446493848
0.9759117330717256
0.975851146835583
0.9757912675114228
0.9757320777804036
0.9756735614082209
0.9756157032186518
0.9755584890644405
0.9755019057965048
0.9754459412312876
0.9753905841159671
0.9753358240912704
0.9752816516516684
0.9752280581028256
0.9751750355162198
0.9751225766809162
0.9750706750525697
0.9750193246997096
0.9749685202480762
0.9749182568216685
0.974868529980701
0.9748193356599139
0.9747706701043135
0.9747225298036636
0.9746749114260699
0.9746278117510628
0.9745812276025827
0.9745351557823068
0.9744895930037557
0.97444453582765
0.9743999805990086
0.9743559233864197
0.9743123599240132
0.9742692855565799
0.9742266951883009
0.9741845832355648
0.9741429435842798
0.9741017695521025
0.9740610538559805
0.9740207885853392
0.9739809651812478
0.973941574422271
0.9739026064156546
0.9738640505959651
0.9738258957306736
0.9737881299324136
0.9737507406781335
0.9737137148350997
0.9736770386936475
0.9736406980064638
0.9736046780341051
0.9735689635963134
0.9735335391286412
0.9734983887437384
0.9734634962970938
0.9734288454573008
0.9733944196151995
0.9733602015129013
0.9733261746253955
0.9732923225455828
0.9732586290787342
0.9732250783406678
0.9731916548543054
0.9731583436427278
0.973125130318315
0.9730920011677695
0.9730589432323479
0.9730259443819775
0.9729929933811217
0.9729600799440685
0.9729271947817949
0.9728943296588015
0.972861478107928
0.9728286352783109
0.972795796579902
0.9727629587585925
0.972730119875604
0.9726972792930207
0.9726644376648008
0.9726315969261298
0.9725987602763623
0.9725659321532946
0.9725331181978599
0.9725003252090766
0.9724675610893448
0.9724348347804547
0.9724021561907072
0.972369536113688
0.9723369861392771
0.9723045185575362
0.9722721462562137
0.9722398826126002
0.9722077413805827
0.9721757365737341
0.9721438823453548
0.9721121928663923
0.9720806822022005
0.9720493641891164
0.9720182523118471
0.9719873595826434
0.9719566984232668
0.9719262805507123
0.9718961168676369
0.9718662173584185
0.9718365909917128
0.9718072456303687
0.9717781879494588
0.9717494233631617
0.9717209559611412
0.9716927884549884
0.9716649221352559
0.9716373568394605
0.9716100909314057
0.9715831212920394
0.9715564433220013
0.971530050955875
0.9715039366881071
0.9714780916104322
0.9714525054605473
0.9714271666816906
0.9714020624926654
0.9713771789677934
0.9713525011261536
0.9713280130293567
0.9713036978871
0.9712795381695077
0.9712555157253024
0.9712316119046791
0.971207807685846
0.9711840838043151
0.9711604208839226
0.9711367991525214
0.9711131990305647
0.9710896015252407
0.9710659880500965
0.9710423405515591
0.9710186416245158
0.9709948746096735
0.9709710236853122
0.9709470741713314
0.9709230141492317
0.97089883121991
0.9708745143889057
0.9708500540645022
0.9708254420861504
0.9708006717713374
0.9707757379621076
0.9707506370622087
0.970725367061629
0.9706999275476965
0.9706743197027485
0.9706485462887784
0.9706226116195011
0.9705965215203755
0.9705702832771463
0.9705439055735159
0.9705173984185785
0.9704907730647198
0.9704640419167266
0.970437218432886
0.9704103170189193
0.9703833529156234
0.970356342081127
0.970329301068714
0.9703022469011796
0.9702751969426985
0.9702481687692105
0.9702211800383097
0.9701942483596405
0.9701673911667783
0.9701406255915548
0.9701139683417719
0.9700874355831887
0.9700610428266568
0.9700348048212118
0.9700087354538787
0.9699828476568968
0.9699571533229869
0.9699316632292501
0.9699063869701793
0.9698813329001938
0.9698565080860545
0.9698319182694033
0.9698075678396135
0.9697834598170375
0.96975959584666
0.9697359762020835
0.9697125997997035
0.969689464222821
0.9696665657554092
0.9696438994251255
0.9696214590551476
0.9695992373242864
0.9695772258348406
0.9695554151875291
0.9695337950628544
0.9695123543081436
0.9694910810295455
0.969469962688143
0.9694489861993882
0.9694281380349554
0.9694074043260936
0.9693867709674591
0.9693662237201462
0.9693457483122836
0.9693253305345736
0.9693049563268663
0.9692846118541419
0.9692642835925069
0.9692439588675582
0.9692236258285517
0.9692032723783072
0.9691828873565639
0.9691624603390476
0.9691419816918229
0.9691214426368077
0.9691008353133966
0.9690801528303313
0.9690593893063781
0.9690385399000437
0.9690176008289447
0.9689965693795213
0.9689754439077104
0.9689542238311063
0.9689329096130795
0.9689115027393294
0.9688900056873071
0.968868421888944
0.968846755687185
0.9688250122867726
0.9688031976998298
0.9687813186867216
0.9687593826927481
0.9687373977812433
0.9687153725636154
0.9686933161269276
0.968671237959587
0.9686491478757089
0.968627055938752
0.9686049723849682
0.9685829075472359
0.968560871779812
0.9685388753845147
0.9685169285388514
0.9684950412265512
0.9684732231709464
0.96845148377164
0.9684298320448067
0.9684082765675054
0.9683868254263
0.9683654861704597
0.9683442657699789
0.9683231705786158
0.9683022063020784
0.9682813779715042
0.9682606899222804
0.9682401457782452
0.9682197484412673
0.9681995000861419
0.9681794021607314
0.9681594553912398
0.9681396597924306
0.9681200146826505
0.9681005187033941
0.9680811698431979
0.9680619654655888
0.9680429023407635
0.968023976680728
0.9680051841775317
0.9679865200442644
0.9679679790584408
0.9679495556074063
0.967931243735357
0.9679130371915737
0.9678949294793824
0.9678769139053196
0.967858983627796
0.9678411317043013
0.9678233511362337
0.9678056349127653
0.9677879760634017
0.9677703678393689
0.9677528040471841
0.9677352781869633
0.9677177839768417
0.9677003153676156
0.9676828665734268
0.9676654321099569
0.9676480068324305
0.9676305859697323
0.9676131651535425
0.9675957404424124
0.9675783083412551
0.9675608657765659
0.9675434099676337
0.9675259388288612
0.9675084507610617
0.9674909446524143
0.9674734198759357
0.9674558762834342
0.9674383141960862
0.96742073439184
0.9674031380898794
0.9673855269324463
0.9673679029642808
0.9673502686099376
0.9673326266492235
0.967314980190991
0.9672973326455129
0.9672796876956608
0.9672620492671087
0.9672444214977786
0.9672268087067432
0.9672092153627867
0.9671916460528462
0.9671741054505235
0.9671565982848594
0.9671391293095649
0.9671217032728853
0.9671043248882628
0.9670869988059615
0.9670697295858014
0.9670525216711349
0.9670353793641984
0.9670183068029428
0.9670013079394495
0.9669843865200191
0.9669675460669972
0.9669507898624171
0.9669341209334783
0.9669175420399364
0.9669010556633799
0.9668846639984451
0.9668683689459399
0.9668521721078749
0.9668360747843686
0.966820077972405
0.9668041823663759
0.9667883883603718
0.9667726960521502
0.9667571052487024
0.9667416154733464
0.9667262259742536
0.9667109357343332
0.9666957434823329
0.9666806477051052
0.9666656466608882
0.9666507383935068
0.9666359207473664
0.9666211913830945
0.9666065477937061
0.9665919873211272
0.9665775071729801
0.9665631044397327
0.9665487761130108
0.966534519106573
0.9665203302800975
0.9665062066337657
0.9664921449876764
0.9664781421257386
0.9664641948247539
0.9664502998662438
0.966436454052447
0.9664226542241864
0.966408897278768
0.9663951801869257
0.9663815000084037
0.9663678539060302
0.9663542391583197
0.9663406531706595
0.9663270934851533
0.9663135577891934
0.966300043922813
0.9662865498848734
0.9662730738381273
0.9662596141131885
0.966246169211445
0.9662327378069592
0.9662193187473699
0.9662059110538532
0.9661925139201752
0.9661791267108752
0.9661657489586638
0.9661523803610478
0.9661390207762902
0.9661256702187633
0.9661123288537333
0.966098996991678
0.966085675012303
0.9660723634891503
0.9660590631311864
0.9660457747657051
0.9660324993305424
0.9660192378659549
0.966005991506201
0.9659927614709123
0.9659795490563139
0.9659663556263225
0.9659531826036201
0.9659400314607355
0.9659269037111968
0.965913800900789
0.9659007245989658
0.9658876763904594
0.965874657867105
0.9658616706199353
0.9658487162315491
0.9658357962688006
0.9658229122758155
0.9658100657673735
0.9657972582226524
0.9657844910793627
0.9657717657282888
0.9657590835082426
0.9657464457014279
0.965733853529242
0.9657213081484997
0.9657088106480922
0.9656963620460723
0.9656839632871727
0.9656716152407419
0.9656593186990997
0.9656470743762974
0.9656348829072802
0.9656227448474377
0.9656106606725197
0.965598630778921
0.9655866554843133
0.965574735028595
0.965562869575173
0.9655510592125327
0.9655393039561196
0.965527603750527
0.9655159584720152
0.9655043679314138
0.9654928318773941
0.9654813499999317
0.9654699219462194
0.9654585473308368
0.9654472256827809
0.9654359564816132
0.9654247391591677
0.9654135731020121
0.9654024576547041
0.9653913921236382
0.9653803757812636
0.9653694078704336
0.9653584876087529
0.9653476141928361
0.9653367868024109
0.9653260046042695
0.9653152667560251
0.9653045724097067
0.9652939207151667
0.9652833108233212
0.9652727418892191
0.965262213074934
0.9652517235522963
0.9652412725054564
0.9652308591332713
0.9652204826515334
0.9652101422950249
0.9651998373194098
0.9651895670029558
0.9651793306480901
0.9651691275827965
0.9651589571618426
0.9651488187678545
0.9651387118122284
0.9651286357358941
0.9651185900099218
0.9651085741359906
0.9650985876467112
0.965088630105815
0.9650787011082103
0.9650688002799123
0.9650589272778605
0.9650490817896117
0.9650392635329349
0.9650294722553064
0.9650197077332995
0.9650099697718989
0.965000258203729
0.9649905728882087
0.964980913710636
0.9649712805812203
0.964961673434051
0.9649520922260241
0.9649425369357273
0.9649330075622857
0.9649235041241904
0.9649140266580873
0.9649045752175677
0.9648951498719355
0.9648857507049713
0.9648763778137025
0.9648670313071657
0.964857711305192
0.9648484179372008
0.964839151341003
0.9648299116616452
0.9648206990502592
0.9648115136629573
0.9648023556597415
0.9647932252034709
0.9647841224588358
0.9647750475914
0.9647660007666645
0.9647569821491753
0.9647479919016847
0.9647390301843389
0.9647300971464808
0.9647211929410138
0.9647123177165235
0.9647034716162436
0.9646946547774801
0.9646858673310987
0.9646771094010316
0.9646683811038625
0.9646596825484514
0.9646510138355918
0.9646423750577358
0.9646337662987517
0.9646251876337041
0.9646166391286786
0.9646081208406039
0.9645996328212155
0.9645911751117663
0.9645827477405707
0.9645743507262505
0.9645659840776319
0.9645576477937076
0.9645493418636404
0.9645410662668528
0.9645328209731594
0.9645246059429653
0.9645164211275017
0.964508266469122
0.9645001419016029
0.964492047350487
0.9644839827334373
0.9644759479606063
0.9644679429350104
0.9644599675529131
0.9644520217042136
0.9644441052728386
0.9644362181371283
0.9644283601702254
0.9644205312404651
0.9644127312117574
0.9644049599439687
0.9643972172932991
0.9643895031126509
0.9643818172519963
0.9643741595587341
0.9643665298780404
0.9643589280532106
0.9643513539259946
0.9643438073369189
0.964336288125603
0.9643287961310627
0.9643213311920029
0.9643138931470988
0.9643064818352676
0.9642990970959261
0.9642917387692373
0.964284406696343
0.9642771007195883
0.9642698206827254
0.9642625664311139
0.964255337811901
0.964248134674192
0.9642409568692114
0.964233804250444
0.9642266766737694
0.964219573997581
0.964212496082898
0.9642054427934562
0.9641984139957946
0.9641914095593316
0.9641844293564213
0.9641774732624111
0.9641705411556797
0.9641636329176633
0.9641567484328859
0.9641498875889611
0.9641430502766035
0.9641362363896151
0.9641294458248777
0.9641226784823238
0.9641159342649153
0.964109213078601
0.964102514832278
0.9640958394377404
0.9640891868096237
0.9640825568653499
0.9640759495250564
0.9640693647115333
0.9640628023501465
0.9640562623687626
0.964049744697664
0.9640432492694763
0.9640367760190703
0.9640303248834827
0.9640238958018251
0.9640174887151919
0.9640111035665654
0.9640047403007282
0.9639983988641636
0.9639920792049667
0.9639857812727485
0.9639795050185344
0.9639732503946815
0.963967017354782
0.9639608058535691
0.9639546158468221
0.96394844729129
0.9639423001445835
0.9639361743651014
0.9639300699119413
0.9639239867448178
0.9639179248239752
0.9639118841106592
0.9639058645660843
0.9638998661516033
0.9638938888287912
0.9638879325593896
0.963881997305221
0.9638760830281331
0.9638701896899317
0.9638643172523258
0.9638584656768641
0.9638526349248864
0.9638468249574702
0.9638410357353867
0.9638352672190517
0.9638295193684857
0.9638237921432762
0.9638180855025431
0.9638123994049033
0.9638067338084397
0.9638010886706814
0.9637954639485733
0.9637898595984601
0.963784275576062
0.9637787118364648
0.9637731683341032
0.9637676450227505
0.9637621418555107
0.9637566587848102
0.9637511957623957
0.9637457527393323
0.9637403296660016
0.9637349264921037
0.9637295431666618
0.9637241796380255
0.9637188358538789
0.963713511761248
0.9637082073065113
0.9637029224354078
0.9636976570930514
0.9636924112239462
0.9636871847719952
0.9636819776805217
0.9636767898922793
0.9636716213494747
0.9636664719937812
0.9636613417663603
0.9636562306078802
0.9636511384585308
0.9636460652580529
0.9636410109457494
0.9636359754605122
0.9636309587408407
0.9636259607248667
0.9636209813503703
0.9636160205548089
0.963611078275332
0.963606154448808
0.9636012490118432
0.9635963619008069
0.963591493051851
0.9635866424009304
0.9635818098838264
0.96357699543617
0.9635721989934574
0.963567420491075
0.9635626598643207
0.9635579170484175
0.9635531919785436
0.9635484845898414
0.963543794817444
0.9635391225964887
0.9635344678621378
0.9635298305495978
0.9635252105941324
0.9635206079310827
0.9635160224958801
0.963511454224066
0.963506903051305
0.9635023689133985
0.9634978517462993
0.9634933514861281
0.9634888680691838
0.9634844014319547
0.9634799515111333
0.9634755182436285
0.9634711015665719
0.9634667014173321
0.9634623177335254
0.9634579504530205
0.9634535995139513
0.9634492648547242
0.9634449464140251
0.9634406441308279
0.9634363579443986
0.963432087794305
0.9634278336204204
0.963423595362931
0.9634193729623365
0.9634151663594588
0.9634109754954436
0.9634068003117663
0.963402640750232
0.9633984967529784
0.9633943682624841
0.963390255221561
0.9633861575733628
0.9633820752613828
0.9633780082294576
0.963373956421765
0.9633699197828256
0.9633658982575014
0.9633618917909961
0.963357900328856
0.9633539238169649
0.9633499622015476
0.963346015429165
0.9633420834467136
0.963338166201423
0.963334263640855
0.9633303757128993
0.9633265023657728
0.9633226435480151
0.9633187992084861
0.963314969296364
0.9633111537611388
0.9633073525526143
0.9633035656209005
0.9632997929164092
0.963296034389853
0.963292289992242
0.9632885596748757
0.9632848433893421
0.9632811410875127
0.9632774527215408
0.9632737782438524
0.9632701176071451
0.9632664707643835
0.9632628376687941
0.9632592182738623
0.9632556125333247
0.9632520204011702
0.9632484418316297
0.9632448767791756
0.9632413251985145
0.9632377870445855
0.9632342622725537
0.9632307508378074
0.9632272526959534
0.9632237678028092
0.9632202961144047
0.9632168375869735
0.963213392176951
0.9632099598409678
0.9632065405358472
0.9632031342186014
0.9631997408464263
0.9631963603766979
0.9631929927669686
0.9631896379749639
0.9631862959585774
0.9631829666758668
0.9631796500850517
0.9631763461445098
0.9631730548127705
0.9631697760485156
0.9631665098105727
0.9631632560579139
0.9631600147496507
0.963156785845033
0.963153569303444
0.9631503650843972
0.9631471731475361
0.9631439934526261
0.9631408259595582
0.9631376706283411
0.9631345274191008
0.9631313962920779
0.9631282772076236
0.9631251701261994
0.9631220750083735
0.963118991814818
0.9631159205063091
0.9631128610437218
0.9631098133880298
0.9631067775003027
0.963103753341705
0.9631007408734923
0.9630977400570123
0.9630947508537008
0.9630917732250801
0.9630888071327597
0.9630858525384316
0.9630829094038701
0.9630799776909339
0.9630770573615577
0.9630741483777572
0.9630712507016244
0.963068364295327
0.9630654891211098
0.9630626251412889
0.9630597723182563
0.9630569306144745
0.9630540999924764
0.9630512804148674
0.9630484718443207
0.9630456742435792
0.9630428875754542
0.963040111802824
0.9630373468886341
0.9630345927958955
0.9630318494876876
0.9630291169271511
0.9630263950774945
0.9630236839019907
0.9630209833639757
0.9630182934268494
0.9630156140540771
0.9630129452091839
0.9630102868557613
0.9630076389574621
0.9630050014780016
0.9630023743811588
0.9629997576307737
0.9629971511907499
0.9629945550250522
0.9629919690977079
0.9629893933728086
0.9629868278145051
0.9629842723870127
0.9629817270546082
0.9629791917816308
0.9629766665324826
0.962974151271629
0.9629716459635965
0.9629691505729767
0.9629666650644219
0.9629641894026495
0.9629617235524403
0.9629592674786382
0.9629568211461507
0.9629543845199506
0.9629519575650745
0.9629495402466235
0.962947132529763
0.9629447343797249
0.9629423457618066
0.9629399666413696
0.9629375969838433
0.9629352367547213
0.9629328859195659
0.9629305444440057
0.9629282122937357
0.9629258894345194
0.9629235758321877
0.9629212714526402
0.9629189762618445
0.9629166902258375
0.9629144133107255
0.9629121454826838
0.9629098867079576
0.9629076369528629
0.9629053961837849
0.9629031643671819
0.962900941469581
0.9628987274575829
0.9628965222978593
0.9628943259571537
0.9628921384022828
0.9628899596001362
0.9628877895176764
0.9628856281219396
0.9628834753800364
0.9628813312591503
0.9628791957265403
0.9628770687495402
0.9628749502955589
0.9628728403320804
0.9628707388266646
0.9628686457469481
0.9628665610606427
0.9628644847355378
0.9628624167394988
0.96286035704047
0.9628583056064716
0.962856262405602
0.9628542274060381
0.9628522005760346
