0.000000000000000000e+00 9.994930622118550767e-01
1.000000000000000021e-03 9.991784072711699105e-01
2.000000000000000042e-03 9.989216820147386322e-01
3.000000000000000062e-03 9.986997616311635850e-01
4.000000000000000083e-03 9.985012949450997599e-01
5.000000000000000104e-03 9.983198633692365043e-01
6.000000000000000125e-03 9.981514747096587037e-01
7.000000000000000146e-03 9.979934742832680117e-01
8.000000000000000167e-03 9.978440076240616685e-01
9.000000000000001055e-03 9.977017288200452638e-01
1.000000000000000021e-02 9.975656302389424024e-01
1.099999999999999936e-02 9.974349373696160814e-01
1.200000000000000025e-02 9.973090409651376165e-01
1.300000000000000114e-02 9.971874517197182319e-01
1.400000000000000029e-02 9.970697691555593378e-01
1.499999999999999944e-02 9.969556597858851843e-01
1.600000000000000033e-02 9.968448415040296329e-01
1.700000000000000122e-02 9.967370722458638310e-01
1.800000000000000211e-02 9.966321416391292765e-01
1.899999999999999953e-02 9.965298647721980707e-01
2.000000000000000042e-02 9.964300774861635235e-01
2.100000000000000130e-02 9.963326327743198263e-01
2.199999999999999872e-02 9.962373979950226444e-01
2.299999999999999961e-02 9.961442526879472625e-01
2.400000000000000050e-02 9.960530868422424744e-01
2.500000000000000139e-02 9.959637995063780336e-01
2.600000000000000228e-02 9.958762976587914872e-01
2.699999999999999969e-02 9.957904952794702780e-01
2.800000000000000058e-02 9.957063125777414481e-01
2.900000000000000147e-02 9.956236752788248934e-01
2.999999999999999889e-02 9.955425140356435332e-01
3.099999999999999978e-02 9.954627642367255280e-01
3.200000000000000067e-02 9.953843654108939232e-01
3.300000000000000155e-02 9.953072608683546374e-01
3.400000000000000244e-02 9.952313973847438655e-01
3.500000000000000333e-02 9.951567249210898636e-01
3.600000000000000422e-02 9.950831963742275965e-01
3.699999999999999817e-02 9.950107673532224695e-01
3.799999999999999906e-02 9.949393959781797081e-01
3.899999999999999994e-02 9.948690426984198032e-01
4.000000000000000083e-02 9.947996701276194953e-01
4.100000000000000172e-02 9.947312428937834516e-01
4.200000000000000261e-02 9.946637275023386682e-01
4.300000000000000350e-02 9.945970922108918755e-01
4.399999999999999745e-02 9.945313069143585372e-01
4.499999999999999833e-02 9.944663430393788639e-01
4.599999999999999922e-02 9.944021734471235607e-01
4.700000000000000011e-02 9.943387723435951342e-01
4.800000000000000100e-02 9.942761151967594024e-01
4.900000000000000189e-02 9.942141786598871489e-01
5.000000000000000278e-02 9.941529405004754238e-01
5.100000000000000366e-02 9.940923795343127312e-01
5.200000000000000455e-02 9.940324755642100385e-01
5.299999999999999850e-02 9.939732093230499999e-01
5.399999999999999939e-02 9.939145624206935370e-01
5.500000000000000028e-02 9.938565172945394988e-01
5.600000000000000117e-02 9.937990571633320558e-01
5.700000000000000205e-02 9.937421659840486310e-01
5.800000000000000294e-02 9.936858284115760442e-01
5.900000000000000383e-02 9.936300297609469423e-01
5.999999999999999778e-02 9.935747559719584343e-01
6.099999999999999867e-02 9.935199935760204992e-01
6.199999999999999956e-02 9.934657296649974656e-01
6.300000000000000044e-02 9.934119518619648481e-01
6.400000000000000133e-02 9.933586482937323270e-01
6.500000000000000222e-02 9.933058075650055274e-01
6.600000000000000311e-02 9.932534187341046650e-01
6.700000000000000400e-02 9.932014712901509057e-01
6.800000000000000488e-02 9.931499551316476104e-01
6.900000000000000577e-02 9.930988605463763053e-01
7.000000000000000666e-02 9.930481781925297735e-01
7.100000000000000755e-02 9.929978990810074402e-01
7.200000000000000844e-02 9.929480142700395362e-01
7.299999999999999545e-02 9.928985153625110582e-01
7.399999999999999634e-02 9.928493943294764978e-01
7.499999999999999722e-02 9.928006434337323105e-01
7.599999999999999811e-02 9.927522552167445946e-01
7.699999999999999900e-02 9.927042224862249187e-01
7.799999999999999989e-02 9.926565383043401969e-01
7.900000000000000078e-02 9.926091959764691275e-01
8.000000000000000167e-02 9.925621890405110781e-01
8.100000000000000255e-02 9.925155112566931281e-01
8.200000000000000344e-02 9.924691565978356333e-01
8.300000000000000433e-02 9.924231192400568835e-01
8.400000000000000522e-02 9.923773935538958701e-01
8.500000000000000611e-02 9.923319740958184143e-01
8.600000000000000699e-02 9.922868556000911111e-01
8.700000000000000788e-02 9.922420329710297526e-01
8.799999999999999489e-02 9.921975012755502865e-01
8.899999999999999578e-02 9.921532557360435156e-01
8.999999999999999667e-02 9.921092917235675435e-01
9.099999999999999756e-02 9.920656047513066733e-01
9.199999999999999845e-02 9.920221904683057534e-01
9.299999999999999933e-02 9.919790446534466621e-01
9.400000000000000022e-02 9.919361632097042358e-01
9.500000000000000111e-02 9.918935421585868273e-01
9.600000000000000200e-02 9.918511776348224451e-01
9.700000000000000289e-02 9.918090658812513949e-01
9.800000000000000377e-02 9.917672032439044383e-01
9.900000000000000466e-02 9.917255861672736872e-01
1.000000000000000056e-01 9.916842111897595791e-01
1.010000000000000064e-01 9.916430749392930455e-01
1.020000000000000073e-01 9.916021741290999003e-01
1.030000000000000082e-01 9.915615055536440847e-01
1.040000000000000091e-01 9.915210660846969226e-01
1.049999999999999961e-01 9.914808526675524813e-01
1.059999999999999970e-01 9.914408623173835977e-01
1.069999999999999979e-01 9.914010921157101475e-01
1.079999999999999988e-01 9.913615392070057597e-01
1.089999999999999997e-01 9.913222007955038162e-01
1.100000000000000006e-01 9.912830741419041969e-01
1.110000000000000014e-01 9.912441565602818638e-01
1.120000000000000023e-01 9.912054454152025018e-01
1.130000000000000032e-01 9.911669381188660255e-01
1.140000000000000041e-01 9.911286321283548917e-01
1.150000000000000050e-01 9.910905249429780017e-01
1.160000000000000059e-01 9.910526141017129698e-01
1.170000000000000068e-01 9.910148971807222207e-01
1.180000000000000077e-01 9.909773717909885482e-01
1.190000000000000085e-01 9.909400355760077383e-01
1.199999999999999956e-01 9.909028862095897727e-01
1.209999999999999964e-01 9.908659213937259791e-01
1.219999999999999973e-01 9.908291388565499958e-01
1.229999999999999982e-01 9.907925363503782279e-01
1.239999999999999991e-01 9.907561116498293519e-01
1.250000000000000000e-01 9.907198625500226452e-01
1.260000000000000009e-01 9.906837868648495915e-01
1.270000000000000018e-01 9.906478824253436288e-01
1.280000000000000027e-01 9.906121470780977489e-01
1.290000000000000036e-01 9.905765786837772424e-01
1.300000000000000044e-01 9.905411751157028322e-01
1.310000000000000053e-01 9.905059342585113002e-01
1.320000000000000062e-01 9.904708540068820621e-01
1.330000000000000071e-01 9.904359322643501162e-01
1.340000000000000080e-01 9.904011669421962649e-01
1.350000000000000089e-01 9.903665559583841871e-01
1.360000000000000098e-01 9.903320972365941000e-01
1.370000000000000107e-01 9.902977887053433514e-01
1.380000000000000115e-01 9.902636282971606363e-01
1.390000000000000124e-01 9.902296139478262704e-01
1.400000000000000133e-01 9.901957435957211562e-01
1.410000000000000142e-01 9.901620151812373649e-01
1.420000000000000151e-01 9.901284266462837547e-01
1.430000000000000160e-01 9.900949759338595335e-01
1.440000000000000169e-01 9.900616609877312957e-01
1.449999999999999900e-01 9.900284797522155289e-01
1.459999999999999909e-01 9.899954301720468308e-01
1.469999999999999918e-01 9.899625101923434922e-01
1.479999999999999927e-01 9.899297177586987573e-01
1.489999999999999936e-01 9.898970508173771110e-01
1.499999999999999944e-01 9.898645073155938334e-01
1.509999999999999953e-01 9.898320852018865912e-01
1.519999999999999962e-01 9.897997825769424551e-01
1.529999999999999971e-01 9.897675975660139569e-01
1.539999999999999980e-01 9.897355281303721330e-01
1.549999999999999989e-01 9.897035722342685249e-01
1.559999999999999998e-01 9.896717278455923195e-01
1.570000000000000007e-01 9.896399929364706471e-01
1.580000000000000016e-01 9.896083654839115118e-01
1.590000000000000024e-01 9.895768434704677041e-01
1.600000000000000033e-01 9.895454248848691847e-01
1.610000000000000042e-01 9.895141077227156412e-01
1.620000000000000051e-01 9.894828899872069039e-01
1.630000000000000060e-01 9.894517696899107762e-01
1.640000000000000069e-01 9.894207448515845993e-01
1.650000000000000078e-01 9.893898135030527730e-01
1.660000000000000087e-01 9.893589736861561068e-01
1.670000000000000095e-01 9.893282234547423615e-01
1.680000000000000104e-01 9.892975608757454964e-01
1.690000000000000113e-01 9.892669840303002227e-01
1.700000000000000122e-01 9.892364910149165080e-01
1.710000000000000131e-01 9.892060799427143669e-01
1.720000000000000140e-01 9.891757489447451368e-01
1.730000000000000149e-01 9.891454961713962435e-01
1.740000000000000158e-01 9.891153197934244856e-01
1.750000000000000167e-01 9.890852180035333285e-01
1.759999999999999898e-01 9.890551890177921024e-01
1.769999999999999907e-01 9.890252310770806243e-01
1.779999999999999916e-01 9.889953424485503630e-01
1.789999999999999925e-01 9.889655214271070305e-01
1.799999999999999933e-01 9.889357663368968376e-01
1.809999999999999942e-01 9.889060755328068497e-01
1.819999999999999951e-01 9.888764474019636763e-01
1.829999999999999960e-01 9.888468803652429306e-01
1.839999999999999969e-01 9.888173728787540417e-01
1.849999999999999978e-01 9.887879234353328384e-01
1.859999999999999987e-01 9.887585305660139268e-01
1.869999999999999996e-01 9.887291928414959630e-01
1.880000000000000004e-01 9.886999088735728414e-01
1.890000000000000013e-01 9.886706773165516715e-01
1.900000000000000022e-01 9.886414968686432214e-01
1.910000000000000031e-01 9.886123662733143913e-01
1.920000000000000040e-01 9.885832843206124876e-01
1.930000000000000049e-01 9.885542498484471974e-01
1.940000000000000058e-01 9.885252617438335943e-01
1.950000000000000067e-01 9.884963189440889586e-01
1.960000000000000075e-01 9.884674204379799711e-01
1.970000000000000084e-01 9.884385652668193911e-01
1.980000000000000093e-01 9.884097525255045591e-01
1.990000000000000102e-01 9.883809813635063835e-01
2.000000000000000111e-01 9.883522509857822769e-01
2.010000000000000120e-01 9.883235606536362461e-01
2.020000000000000129e-01 9.882949096855142557e-01
2.030000000000000138e-01 9.882662974577139936e-01
2.040000000000000147e-01 9.882377234050364612e-01
2.050000000000000155e-01 9.882091870213541851e-01
2.060000000000000164e-01 9.881806878601090416e-01
2.070000000000000173e-01 9.881522255347219286e-01
2.080000000000000182e-01 9.881237997189227240e-01
2.089999999999999913e-01 9.880954101470024176e-01
2.099999999999999922e-01 9.880670566139651001e-01
2.109999999999999931e-01 9.880387389756057903e-01
2.119999999999999940e-01 9.880104571484880083e-01
2.129999999999999949e-01 9.879822111098403026e-01
2.139999999999999958e-01 9.879540008973450860e-01
2.149999999999999967e-01 9.879258266088539742e-01
2.159999999999999976e-01 9.878976884019851079e-01
2.169999999999999984e-01 9.878695864936445359e-01
2.179999999999999993e-01 9.878415211594364642e-01
2.190000000000000002e-01 9.878134927329857984e-01
2.200000000000000011e-01 9.877855016051529935e-01
2.210000000000000020e-01 9.877575482231575332e-01
2.220000000000000029e-01 9.877296330896000454e-01
2.230000000000000038e-01 9.877017567613842752e-01
2.240000000000000047e-01 9.876739198485409155e-01
2.250000000000000056e-01 9.876461230129471858e-01
2.260000000000000064e-01 9.876183669669535981e-01
2.270000000000000073e-01 9.875906524719004764e-01
2.280000000000000082e-01 9.875629803365449932e-01
2.290000000000000091e-01 9.875353514153848433e-01
2.300000000000000100e-01 9.875077666068747817e-01
2.310000000000000109e-01 9.874802268515540105e-01
2.320000000000000118e-01 9.874527331300791966e-01
2.330000000000000127e-01 9.874252864611409164e-01
2.340000000000000135e-01 9.873978878993137087e-01
2.350000000000000144e-01 9.873705385328034323e-01
2.360000000000000153e-01 9.873432394811262336e-01
2.370000000000000162e-01 9.873159918926837086e-01
2.380000000000000171e-01 9.872887969423472798e-01
2.390000000000000180e-01 9.872616558289207811e-01
2.399999999999999911e-01 9.872345697726344627e-01
2.409999999999999920e-01 9.872075400126283373e-01
2.419999999999999929e-01 9.871805678044176524e-01
2.429999999999999938e-01 9.871536544174279726e-01
2.439999999999999947e-01 9.871268011325533553e-01
2.449999999999999956e-01 9.871000088798496108e-01
2.459999999999999964e-01 9.870732789486662551e-01
2.469999999999999973e-01 9.870466126401111762e-01
2.479999999999999982e-01 9.870200112578774165e-01
2.489999999999999991e-01 9.869934761060931150e-01
2.500000000000000000e-01 9.869670084870646454e-01
2.510000000000000009e-01 9.869406096990057664e-01
2.520000000000000018e-01 9.869142810337494520e-01
2.530000000000000027e-01 9.868880237743875572e-01
2.540000000000000036e-01 9.868618391929327993e-01
2.550000000000000044e-01 9.868357285478852603e-01
2.560000000000000053e-01 9.868096930818276435e-01
2.570000000000000062e-01 9.867837340189509199e-01
2.580000000000000071e-01 9.867578525626180541e-01
2.590000000000000080e-01 9.867320498928888739e-01
2.600000000000000089e-01 9.867063271640617028e-01
2.610000000000000098e-01 9.866806855022536293e-01
2.620000000000000107e-01 9.866551260029821080e-01
2.630000000000000115e-01 9.866296497287889711e-01
2.640000000000000124e-01 9.866042577069190633e-01
2.650000000000000133e-01 9.865789509270452839e-01
2.660000000000000142e-01 9.865537303390383705e-01
2.670000000000000151e-01 9.865285968508146208e-01
2.680000000000000160e-01 9.865035513262524480e-01
2.690000000000000169e-01 9.864785945831775482e-01
2.700000000000000178e-01 9.864537273914316673e-01
2.710000000000000187e-01 9.864289504710219703e-01
2.720000000000000195e-01 9.864042644903585622e-01
2.730000000000000204e-01 9.863796700645915960e-01
2.740000000000000213e-01 9.863551677540276508e-01
2.750000000000000222e-01 9.863307580626486937e-01
2.760000000000000231e-01 9.863064414367486155e-01
2.770000000000000240e-01 9.862822182636425961e-01
2.780000000000000249e-01 9.862580888705028137e-01
2.790000000000000258e-01 9.862340535233034000e-01
2.800000000000000266e-01 9.862101124258524365e-01
2.810000000000000275e-01 9.861862657189586212e-01
2.820000000000000284e-01 9.861625134796891956e-01
2.830000000000000293e-01 9.861388557207573236e-01
2.840000000000000302e-01 9.861152923900072809e-01
2.850000000000000311e-01 9.860918233700184388e-01
2.860000000000000320e-01 9.860684484778271530e-01
2.870000000000000329e-01 9.860451674647393583e-01
2.880000000000000338e-01 9.860219800162786097e-01
2.889999999999999791e-01 9.859988857522287153e-01
2.899999999999999800e-01 9.859758842267812851e-01
2.909999999999999809e-01 9.859529749288006295e-01
2.919999999999999818e-01 9.859301572821740356e-01
2.929999999999999827e-01 9.859074306462882742e-01
2.939999999999999836e-01 9.858847943165953698e-01
2.949999999999999845e-01 9.858622475252950546e-01
2.959999999999999853e-01 9.858397894421289109e-01
2.969999999999999862e-01 9.858174191753469318e-01
2.979999999999999871e-01 9.857951357728182984e-01
2.989999999999999880e-01 9.857729382233847426e-01
2.999999999999999889e-01 9.857508254584668173e-01
3.009999999999999898e-01 9.857287963539776987e-01
3.019999999999999907e-01 9.857068497326002543e-01
3.029999999999999916e-01 9.856849843663507693e-01
3.039999999999999925e-01 9.856631989793454007e-01
3.049999999999999933e-01 9.856414924612039163e-01
3.059999999999999942e-01 9.856198637354798286e-01
3.069999999999999951e-01 9.855983113982730304e-01
3.079999999999999960e-01 9.855768340067934119e-01
3.089999999999999969e-01 9.855554300809178381e-01
3.099999999999999978e-01 9.855340981043975157e-01
3.109999999999999987e-01 9.855128365260301671e-01
3.119999999999999996e-01 9.854916437608436386e-01
3.130000000000000004e-01 9.854705181914822365e-01
3.140000000000000013e-01 9.854494581697936795e-01
3.150000000000000022e-01 9.854284620186828381e-01
3.160000000000000031e-01 9.854075280342213805e-01
3.170000000000000040e-01 9.853866544879539280e-01
3.180000000000000049e-01 9.853658396293835109e-01
3.190000000000000058e-01 9.853450816886196728e-01
3.200000000000000067e-01 9.853243788791213875e-01
3.210000000000000075e-01 9.853037294005198010e-01
3.220000000000000084e-01 9.852831314415023689e-01
3.230000000000000093e-01 9.852625831827103164e-01
3.240000000000000102e-01 9.852420827996760666e-01
3.250000000000000111e-01 9.852216284657422385e-01
3.260000000000000120e-01 9.852012183549748725e-01
3.270000000000000129e-01 9.851808506450562275e-01
3.280000000000000138e-01 9.851605235201483790e-01
3.290000000000000147e-01 9.851402351737289509e-01
3.300000000000000155e-01 9.851199838113773311e-01
3.310000000000000164e-01 9.850997676535179215e-01
3.320000000000000173e-01 9.850795849381166480e-01
3.330000000000000182e-01 9.850594339233187391e-01
3.340000000000000191e-01 9.850393128900412076e-01
3.350000000000000200e-01 9.850192201444900597e-01
3.360000000000000209e-01 9.849991540206241014e-01
3.370000000000000218e-01 9.849791128825426956e-01
3.380000000000000226e-01 9.849590951268112349e-01
3.390000000000000235e-01 9.849390991847111199e-01
3.400000000000000244e-01 9.849191235244141307e-01
3.410000000000000253e-01 9.848991666530717559e-01
3.420000000000000262e-01 9.848792271188411274e-01
3.430000000000000271e-01 9.848593035128040407e-01
3.440000000000000280e-01 9.848393944708216940e-01
3.450000000000000289e-01 9.848194986752907276e-01
3.460000000000000298e-01 9.847996148568101127e-01
3.470000000000000306e-01 9.847797417957573352e-01
3.480000000000000315e-01 9.847598783237803133e-01
3.490000000000000324e-01 9.847400233251756285e-01
3.500000000000000333e-01 9.847201757381899290e-01
3.510000000000000342e-01 9.847003345562141963e-01
3.519999999999999796e-01 9.846804988288793137e-01
3.529999999999999805e-01 9.846606676630548227e-01
3.539999999999999813e-01 9.846408402237530888e-01
3.549999999999999822e-01 9.846210157349194469e-01
3.559999999999999831e-01 9.846011934801343068e-01
3.569999999999999840e-01 9.845813728032074552e-01
3.579999999999999849e-01 9.845615531086715499e-01
3.589999999999999858e-01 9.845417338621778036e-01
3.599999999999999867e-01 9.845219145907907476e-01
3.609999999999999876e-01 9.845020948831740837e-01
3.619999999999999885e-01 9.844822743896896045e-01
3.629999999999999893e-01 9.844624528223911986e-01
3.639999999999999902e-01 9.844426299549132731e-01
3.649999999999999911e-01 9.844228056222789069e-01
3.659999999999999920e-01 9.844029797205955390e-01
3.669999999999999929e-01 9.843831522066660566e-01
3.679999999999999938e-01 9.843633230975050719e-01
3.689999999999999947e-01 9.843434924697639365e-01
3.699999999999999956e-01 9.843236604590646088e-01
3.709999999999999964e-01 9.843038272592409266e-01
3.719999999999999973e-01 9.842839931215134897e-01
3.729999999999999982e-01 9.842641583535568506e-01
3.739999999999999991e-01 9.842443233185043105e-01
3.750000000000000000e-01 9.842244884338593458e-01
3.760000000000000009e-01 9.842046541703466378e-01
3.770000000000000018e-01 9.841848210506757288e-01
3.780000000000000027e-01 9.841649896482418391e-01
3.790000000000000036e-01 9.841451605857544083e-01
3.800000000000000044e-01 9.841253345338072389e-01
3.810000000000000053e-01 9.841055122093721463e-01
3.820000000000000062e-01 9.840856943742526397e-01
3.830000000000000071e-01 9.840658818334638847e-01
3.840000000000000080e-01 9.840460754335720317e-01
3.850000000000000089e-01 9.840262760609783665e-01
3.860000000000000098e-01 9.840064846401548326e-01
3.870000000000000107e-01 9.839867021318423612e-01
3.880000000000000115e-01 9.839669295312077901e-01
3.890000000000000124e-01 9.839471678659497123e-01
3.900000000000000133e-01 9.839274181944051012e-01
3.910000000000000142e-01 9.839076816035875472e-01
3.920000000000000151e-01 9.838879592072222735e-01
3.930000000000000160e-01 9.838682521437543960e-01
3.940000000000000169e-01 9.838485615743332025e-01
3.950000000000000178e-01 9.838288886807822209e-01
3.960000000000000187e-01 9.838092346635580743e-01
3.970000000000000195e-01 9.837896007397065601e-01
3.980000000000000204e-01 9.837699881407908631e-01
3.990000000000000213e-01 9.837503981108384199e-01
4.000000000000000222e-01 9.837308319042868954e-01
4.010000000000000231e-01 9.837112907839220544e-01
4.020000000000000240e-01 9.836917760188248483e-01
4.030000000000000249e-01 9.836722888823479227e-01
4.040000000000000258e-01 9.836528306500762486e-01
4.050000000000000266e-01 9.836334025978274997e-01
4.060000000000000275e-01 9.836140059996579810e-01
4.070000000000000284e-01 9.835946421258962014e-01
4.080000000000000293e-01 9.835753122411975413e-01
4.090000000000000302e-01 9.835560176026393320e-01
4.100000000000000311e-01 9.835367594578265926e-01
4.110000000000000320e-01 9.835175390430480613e-01
4.120000000000000329e-01 9.834983575814589818e-01
4.130000000000000338e-01 9.834792162812996397e-01
4.140000000000000346e-01 9.834601163341649688e-01
4.150000000000000355e-01 9.834410589133106839e-01
4.160000000000000364e-01 9.834220451719969391e-01
4.169999999999999818e-01 9.834030762418940474e-01
4.179999999999999827e-01 9.833841532315312772e-01
4.189999999999999836e-01 9.833652772248024920e-01
4.199999999999999845e-01 9.833464492795045420e-01
4.209999999999999853e-01 9.833276704259679146e-01
4.219999999999999862e-01 9.833089416657275761e-01
4.229999999999999871e-01 9.832902639702520986e-01
4.239999999999999880e-01 9.832716382797596077e-01
4.249999999999999889e-01 9.832530655020644828e-01
4.259999999999999898e-01 9.832345465115474026e-01
4.269999999999999907e-01 9.832160821481484847e-01
4.279999999999999916e-01 9.831976732164749988e-01
4.289999999999999925e-01 9.831793204849675893e-01
4.299999999999999933e-01 9.831610246851405499e-01
4.309999999999999942e-01 9.831427865109407804e-01
4.319999999999999951e-01 9.831246066181300591e-01
4.329999999999999960e-01 9.831064856238053151e-01
4.339999999999999969e-01 9.830884241059519857e-01
4.349999999999999978e-01 9.830704226031038440e-01
4.359999999999999987e-01 9.830524814906748121e-01
4.369999999999999996e-01 9.830346012298017966e-01
4.380000000000000004e-01 9.830167822436068903e-01
4.390000000000000013e-01 9.829990249150561965e-01
4.400000000000000022e-01 9.829813295869237466e-01
4.410000000000000031e-01 9.829636965618567812e-01
4.420000000000000040e-01 9.829461261024604601e-01
4.430000000000000049e-01 9.829286184314420804e-01
4.440000000000000058e-01 9.829111737318690922e-01
4.450000000000000067e-01 9.828937921474552031e-01
4.460000000000000075e-01 9.828764737830218978e-01
4.470000000000000084e-01 9.828592187049550732e-01
4.480000000000000093e-01 9.828420269418076671e-01
4.490000000000000102e-01 9.828248984849877745e-01
4.500000000000000111e-01 9.828078332894707447e-01
4.510000000000000120e-01 9.827908312744837449e-01
4.520000000000000129e-01 9.827738924948000721e-01
4.530000000000000138e-01 9.827570168374286652e-01
4.540000000000000147e-01 9.827402041186354964e-01
4.550000000000000155e-01 9.827234541210266849e-01
4.560000000000000164e-01 9.827067665939160923e-01
4.570000000000000173e-01 9.826901412536461766e-01
4.580000000000000182e-01 9.826735777839291641e-01
4.590000000000000191e-01 9.826570758361816704e-01
4.600000000000000200e-01 9.826406350300096459e-01
4.610000000000000209e-01 9.826242549537558268e-01
4.620000000000000218e-01 9.826079351651618721e-01
4.630000000000000226e-01 9.825916751921457415e-01
4.640000000000000235e-01 9.825754745336848783e-01
4.650000000000000244e-01 9.825593326608048628e-01
4.660000000000000253e-01 9.825432490176181366e-01
4.670000000000000262e-01 9.825272230224550984e-01
4.680000000000000271e-01 9.825112540690518204e-01
4.690000000000000280e-01 9.824953415277682955e-01
4.700000000000000289e-01 9.824794847468514281e-01
4.710000000000000298e-01 9.824636830537210042e-01
4.720000000000000306e-01 9.824479357562673210e-01
4.730000000000000315e-01 9.824322421441767927e-01
4.740000000000000324e-01 9.824166014902394606e-01
4.750000000000000333e-01 9.824010130516797057e-01
4.760000000000000342e-01 9.823854760714827439e-01
4.770000000000000351e-01 9.823699897797063540e-01
4.780000000000000360e-01 9.823545533947911634e-01
4.790000000000000369e-01 9.823391661248610518e-01
4.799999999999999822e-01 9.823238271690198919e-01
4.809999999999999831e-01 9.823085357186195354e-01
4.819999999999999840e-01 9.822932909585198047e-01
4.829999999999999849e-01 9.822780920683386041e-01
4.839999999999999858e-01 9.822629382236846007e-01
4.849999999999999867e-01 9.822478285973416101e-01
4.859999999999999876e-01 9.822327623604750757e-01
4.869999999999999885e-01 9.822177386837932511e-01
4.879999999999999893e-01 9.822027567386819591e-01
4.889999999999999902e-01 9.821878156983245844e-01
4.899999999999999911e-01 9.821729147387980863e-01
4.909999999999999920e-01 9.821580530401368136e-01
4.919999999999999929e-01 9.821432297873682327e-01
4.929999999999999938e-01 9.821284441715312230e-01
4.939999999999999947e-01 9.821136953906524081e-01
4.949999999999999956e-01 9.820989826506992815e-01
4.959999999999999964e-01 9.820843051665069101e-01
4.969999999999999973e-01 9.820696621626674450e-01
4.979999999999999982e-01 9.820550528743819951e-01
4.989999999999999991e-01 9.820404765482991793e-01
5.000000000000000000e-01 9.820259324433019410e-01
5.010000000000000009e-01 9.820114198312724918e-01
5.020000000000000018e-01 9.819969379978171764e-01
5.030000000000000027e-01 9.819824862429581414e-01
5.040000000000000036e-01 9.819680638817955831e-01
5.050000000000000044e-01 9.819536702451271415e-01
5.060000000000000053e-01 9.819393046800412028e-01
5.070000000000000062e-01 9.819249665504665714e-01
5.080000000000000071e-01 9.819106552376909436e-01
5.090000000000000080e-01 9.818963701408488509e-01
5.100000000000000089e-01 9.818821106773624185e-01
5.110000000000000098e-01 9.818678762833653595e-01
5.120000000000000107e-01 9.818536664140667947e-01
5.130000000000000115e-01 9.818394805441074125e-01
5.140000000000000124e-01 9.818253181678566754e-01
5.150000000000000133e-01 9.818111787997012563e-01
5.160000000000000142e-01 9.817970619742655281e-01
5.170000000000000151e-01 9.817829672466371616e-01
5.180000000000000160e-01 9.817688941925279966e-01
5.190000000000000169e-01 9.817548424084189262e-01
5.200000000000000178e-01 9.817408115116671441e-01
5.210000000000000187e-01 9.817268011405815287e-01
5.220000000000000195e-01 9.817128109544693837e-01
5.230000000000000204e-01 9.816988406336539796e-01
5.240000000000000213e-01 9.816848898794450218e-01
5.250000000000000222e-01 9.816709584141081191e-01
5.260000000000000231e-01 9.816570459807825166e-01
5.270000000000000240e-01 9.816431523433926110e-01
5.280000000000000249e-01 9.816292772864924077e-01
5.290000000000000258e-01 9.816154206151338490e-01
5.300000000000000266e-01 9.816015821546750786e-01
5.310000000000000275e-01 9.815877617505794905e-01
5.320000000000000284e-01 9.815739592681820280e-01
5.330000000000000293e-01 9.815601745924331656e-01
5.340000000000000302e-01 9.815464076276276817e-01
5.350000000000000311e-01 9.815326582971078961e-01
5.360000000000000320e-01 9.815189265429403731e-01
5.370000000000000329e-01 9.815052123255839645e-01
5.380000000000000338e-01 9.814915156235352045e-01
5.390000000000000346e-01 9.814778364329458382e-01
5.400000000000000355e-01 9.814641747672387950e-01
5.410000000000000364e-01 9.814505306567006260e-01
5.420000000000000373e-01 9.814369041480569544e-01
5.430000000000000382e-01 9.814232953040407104e-01
5.440000000000000391e-01 9.814097042029378271e-01
5.450000000000000400e-01 9.813961309381300513e-01
5.460000000000000409e-01 9.813825756176149939e-01
5.470000000000000417e-01 9.813690383635321757e-01
5.480000000000000426e-01 9.813555193116625386e-01
5.490000000000000435e-01 9.813420186109337306e-01
5.500000000000000444e-01 9.813285364229010765e-01
5.510000000000000453e-01 9.813150729212496426e-01
5.520000000000000462e-01 9.813016282912455646e-01
5.530000000000000471e-01 9.812882027292295639e-01
5.540000000000000480e-01 9.812747964420827085e-01
5.550000000000000488e-01 9.812614096466886204e-01
5.560000000000000497e-01 9.812480425693933528e-01
5.570000000000000506e-01 9.812346954454697068e-01
5.580000000000000515e-01 9.812213685185817713e-01
5.590000000000000524e-01 9.812080620402332531e-01
5.600000000000000533e-01 9.811947762692426744e-01
5.610000000000000542e-01 9.811815114711885943e-01
5.620000000000000551e-01 9.811682679178848066e-01
5.630000000000000560e-01 9.811550458868499858e-01
5.640000000000000568e-01 9.811418456607692296e-01
5.650000000000000577e-01 9.811286675269695889e-01
5.660000000000000586e-01 9.811155117769037037e-01
5.670000000000000595e-01 9.811023787056259993e-01
5.680000000000000604e-01 9.810892686112987482e-01
5.690000000000000613e-01 9.810761817946677121e-01
5.700000000000000622e-01 9.810631185585962921e-01
5.710000000000000631e-01 9.810500792075331766e-01
5.720000000000000639e-01 9.810370640470730264e-01
5.730000000000000648e-01 9.810240733834669768e-01
5.740000000000000657e-01 9.810111075231691125e-01
5.750000000000000666e-01 9.809981667723809418e-01
5.760000000000000675e-01 9.809852514365979825e-01
5.769999999999999574e-01 9.809723618201926509e-01
5.779999999999999583e-01 9.809594982259924878e-01
5.789999999999999591e-01 9.809466609548722626e-01
5.799999999999999600e-01 9.809338503053440794e-01
5.809999999999999609e-01 9.809210665731877832e-01
5.819999999999999618e-01 9.809083100510671560e-01
5.829999999999999627e-01 9.808955810281831944e-01
5.839999999999999636e-01 9.808828797899142860e-01
5.849999999999999645e-01 9.808702066174950218e-01
5.859999999999999654e-01 9.808575617876811314e-01
5.869999999999999662e-01 9.808449455724669308e-01
5.879999999999999671e-01 9.808323582387656892e-01
5.889999999999999680e-01 9.808198000481628265e-01
5.899999999999999689e-01 9.808072712566215934e-01
5.909999999999999698e-01 9.807947721142433739e-01
5.919999999999999707e-01 9.807823028650395347e-01
5.929999999999999716e-01 9.807698637466910618e-01
5.939999999999999725e-01 9.807574549903309569e-01
5.949999999999999734e-01 9.807450768203692659e-01
5.959999999999999742e-01 9.807327294542703688e-01
5.969999999999999751e-01 9.807204131083019361e-01
5.979999999999999760e-01 9.807081280188304495e-01
5.989999999999999769e-01 9.806958743819017554e-01
5.999999999999999778e-01 9.806836523859095989e-01
6.009999999999999787e-01 9.806714622114804936e-01
6.019999999999999796e-01 9.806593040313179577e-01
6.029999999999999805e-01 9.806471780100907143e-01
6.039999999999999813e-01 9.806350843043059040e-01
6.049999999999999822e-01 9.806230230622124955e-01
6.059999999999999831e-01 9.806109944236877096e-01
6.069999999999999840e-01 9.805989985201615244e-01
6.079999999999999849e-01 9.805870354745365169e-01
6.089999999999999858e-01 9.805751054011320189e-01
6.099999999999999867e-01 9.805632084056302711e-01
6.109999999999999876e-01 9.805513445850506660e-01
6.119999999999999885e-01 9.805395140277298749e-01
6.129999999999999893e-01 9.805277168133075261e-01
6.139999999999999902e-01 9.805159530127491863e-01
6.149999999999999911e-01 9.805042226883614598e-01
6.159999999999999920e-01 9.804925258938291810e-01
6.169999999999999929e-01 9.804808626742672617e-01
6.179999999999999938e-01 9.804692330662843069e-01
6.189999999999999947e-01 9.804576370980543354e-01
6.199999999999999956e-01 9.804460747894054862e-01
6.209999999999999964e-01 9.804345461519176075e-01
6.219999999999999973e-01 9.804230511890228428e-01
6.229999999999999982e-01 9.804115898961364151e-01
6.239999999999999991e-01 9.804001622607638744e-01
6.250000000000000000e-01 9.803887682626470923e-01
6.260000000000000009e-01 9.803774078739068143e-01
6.270000000000000018e-01 9.803660810591855457e-01
6.280000000000000027e-01 9.803547877758121976e-01
6.290000000000000036e-01 9.803435279739443065e-01
6.300000000000000044e-01 9.803323015967602139e-01
6.310000000000000053e-01 9.803211085806150527e-01
6.320000000000000062e-01 9.803099488552293739e-01
6.330000000000000071e-01 9.802988223438569015e-01
6.340000000000000080e-01 9.802877289634881475e-01
6.350000000000000089e-01 9.802766686250201644e-01
6.360000000000000098e-01 9.802656412334699310e-01
6.370000000000000107e-01 9.802546466881493226e-01
6.380000000000000115e-01 9.802436848828768312e-01
6.390000000000000124e-01 9.802327557061767394e-01
6.400000000000000133e-01 9.802218590414700783e-01
6.410000000000000142e-01 9.802109947672930090e-01
6.420000000000000151e-01 9.802001627574810083e-01
6.430000000000000160e-01 9.801893628813966863e-01
6.440000000000000169e-01 9.801785950041207451e-01
6.450000000000000178e-01 9.801678589866652525e-01
6.460000000000000187e-01 9.801571546861700401e-01
6.470000000000000195e-01 9.801464819561220843e-01
6.480000000000000204e-01 9.801358406465490170e-01
6.490000000000000213e-01 9.801252306042268492e-01
6.500000000000000222e-01 9.801146516728842517e-01
6.510000000000000231e-01 9.801041036934134976e-01
6.520000000000000240e-01 9.800935865040523165e-01
6.530000000000000249e-01 9.800830999406002775e-01
6.540000000000000258e-01 9.800726438366071935e-01
6.550000000000000266e-01 9.800622180235722958e-01
6.560000000000000275e-01 9.800518223311363020e-01
6.570000000000000284e-01 9.800414565872643813e-01
6.580000000000000293e-01 9.800311206184507684e-01
6.590000000000000302e-01 9.800208142498805231e-01
6.600000000000000311e-01 9.800105373056369196e-01
6.610000000000000320e-01 9.800002896088553239e-01
6.620000000000000329e-01 9.799900709819291400e-01
6.630000000000000338e-01 9.799798812466583575e-01
6.640000000000000346e-01 9.799697202244139760e-01
6.650000000000000355e-01 9.799595877363205254e-01
6.660000000000000364e-01 9.799494836034190470e-01
6.670000000000000373e-01 9.799394076468069814e-01
6.680000000000000382e-01 9.799293596878035917e-01
6.690000000000000391e-01 9.799193395481016200e-01
6.700000000000000400e-01 9.799093470499112835e-01
6.710000000000000409e-01 9.798993820160887269e-01
6.720000000000000417e-01 9.798894442703065533e-01
6.730000000000000426e-01 9.798795336371370901e-01
6.740000000000000435e-01 9.798696499422314687e-01
6.750000000000000444e-01 9.798597930124189892e-01
6.760000000000000453e-01 9.798499626758179204e-01
6.770000000000000462e-01 9.798401587619750552e-01
6.780000000000000471e-01 9.798303811019648535e-01
6.790000000000000480e-01 9.798206295284938028e-01
6.800000000000000488e-01 9.798109038760078882e-01
6.810000000000000497e-01 9.798012039807936224e-01
6.820000000000000506e-01 9.797915296810592034e-01
6.830000000000000515e-01 9.797818808170269955e-01
6.840000000000000524e-01 9.797722572310370026e-01
6.850000000000000533e-01 9.797626587676105947e-01
6.860000000000000542e-01 9.797530852735188978e-01
6.870000000000000551e-01 9.797435365978747202e-01
6.880000000000000560e-01 9.797340125921788490e-01
6.890000000000000568e-01 9.797245131104017624e-01
6.900000000000000577e-01 9.797150380090294819e-01
6.910000000000000586e-01 9.797055871471240796e-01
6.920000000000000595e-01 9.796961603863783008e-01
6.930000000000000604e-01 9.796867575911415438e-01
6.940000000000000613e-01 9.796773786284964647e-01
6.950000000000000622e-01 9.796680233682572014e-01
6.960000000000000631e-01 9.796586916830432035e-01
6.970000000000000639e-01 9.796493834482780105e-01
6.980000000000000648e-01 9.796400985422346608e-01
6.990000000000000657e-01 9.796308368460417970e-01
7.000000000000000666e-01 9.796215982437316283e-01
7.010000000000000675e-01 9.796123826222210562e-01
7.020000000000000684e-01 9.796031898713482011e-01
7.030000000000000693e-01 9.795940198838727353e-01
7.039999999999999591e-01 9.795848725554792136e-01
7.049999999999999600e-01 9.795757477847851780e-01
7.059999999999999609e-01 9.795666454733404915e-01
7.069999999999999618e-01 9.795575655256144598e-01
7.079999999999999627e-01 9.795485078489911679e-01
7.089999999999999636e-01 9.795394723537699244e-01
7.099999999999999645e-01 9.795304589531477202e-01
7.109999999999999654e-01 9.795214675631852552e-01
7.119999999999999662e-01 9.795124981028199285e-01
7.129999999999999671e-01 9.795035504938222060e-01
7.139999999999999680e-01 9.794946246607781903e-01
7.149999999999999689e-01 9.794857205310680826e-01
7.159999999999999698e-01 9.794768380348424230e-01
7.169999999999999707e-01 9.794679771049680239e-01
7.179999999999999716e-01 9.794591376770354074e-01
7.189999999999999725e-01 9.794503196892777597e-01
7.199999999999999734e-01 9.794415230825771479e-01
7.209999999999999742e-01 9.794327478003929111e-01
7.219999999999999751e-01 9.794239937887494474e-01
7.229999999999999760e-01 9.794152609961815914e-01
7.239999999999999769e-01 9.794065493736850980e-01
7.249999999999999778e-01 9.793978588746816705e-01
7.259999999999999787e-01 9.793891894549666688e-01
7.269999999999999796e-01 9.793805410726781346e-01
7.279999999999999805e-01 9.793719136882266252e-01
7.289999999999999813e-01 9.793633072642484727e-01
7.299999999999999822e-01 9.793547217655811377e-01
7.309999999999999831e-01 9.793461571591747239e-01
7.319999999999999840e-01 9.793376134140628908e-01
7.329999999999999849e-01 9.793290905013005698e-01
7.339999999999999858e-01 9.793205883939213319e-01
7.349999999999999867e-01 9.793121070668656669e-01
7.359999999999999876e-01 9.793036464969289145e-01
7.369999999999999885e-01 9.792952066627165220e-01
7.379999999999999893e-01 9.792867875445860903e-01
7.389999999999999902e-01 9.792783891245774308e-01
7.399999999999999911e-01 9.792700113863661571e-01
7.409999999999999920e-01 9.792616543152135034e-01
7.419999999999999929e-01 9.792533178978838349e-01
7.429999999999999938e-01 9.792450021226144496e-01
7.439999999999999947e-01 9.792367069790441914e-01
7.449999999999999956e-01 9.792284324581569388e-01
7.459999999999999964e-01 9.792201785522262059e-01
7.469999999999999973e-01 9.792119452547545233e-01
7.479999999999999982e-01 9.792037325604227016e-01
7.489999999999999991e-01 9.791955404650273254e-01
7.500000000000000000e-01 9.791873689654319035e-01
7.510000000000000009e-01 9.791792180594905970e-01
7.520000000000000018e-01 9.791710877460201301e-01
7.530000000000000027e-01 9.791629780247210757e-01
7.540000000000000036e-01 9.791548888961278951e-01
7.550000000000000044e-01 9.791468203615728561e-01
7.560000000000000053e-01 9.791387724231145340e-01
7.570000000000000062e-01 9.791307450834851878e-01
7.580000000000000071e-01 9.791227383460409106e-01
7.590000000000000080e-01 9.791147522147085613e-01
7.600000000000000089e-01 9.791067866939355824e-01
7.610000000000000098e-01 9.790988417886486994e-01
7.620000000000000107e-01 9.790909175041828671e-01
7.630000000000000115e-01 9.790830138462512933e-01
7.640000000000000124e-01 9.790751308208939241e-01
7.650000000000000133e-01 9.790672684344244869e-01
7.660000000000000142e-01 9.790594266933825285e-01
7.670000000000000151e-01 9.790516056044997750e-01
7.680000000000000160e-01 9.790438051746436221e-01
7.690000000000000169e-01 9.790360254107783877e-01
7.700000000000000178e-01 9.790282663199280089e-01
7.710000000000000187e-01 9.790205279091317436e-01
7.720000000000000195e-01 9.790128101853878828e-01
7.730000000000000204e-01 9.790051131556424258e-01
7.740000000000000213e-01 9.789974368267336802e-01
7.750000000000000222e-01 9.789897812053472981e-01
7.760000000000000231e-01 9.789821462980013989e-01
7.770000000000000240e-01 9.789745321109977194e-01
7.780000000000000249e-01 9.789669386503853099e-01
7.790000000000000258e-01 9.789593659219324451e-01
7.800000000000000266e-01 9.789518139310984246e-01
7.810000000000000275e-01 9.789442826829921618e-01
7.820000000000000284e-01 9.789367721823593049e-01
7.830000000000000293e-01 9.789292824335292797e-01
7.840000000000000302e-01 9.789218134404038540e-01
7.850000000000000311e-01 9.789143652064351553e-01
7.860000000000000320e-01 9.789069377345827050e-01
7.870000000000000329e-01 9.788995310273033157e-01
7.880000000000000338e-01 9.788921450865235574e-01
7.890000000000000346e-01 9.788847799136117800e-01
7.900000000000000355e-01 9.788774355093651236e-01
7.910000000000000364e-01 9.788701118739854268e-01
7.920000000000000373e-01 9.788628090070610188e-01
7.930000000000000382e-01 9.788555269075500664e-01
7.940000000000000391e-01 9.788482655737578142e-01
7.950000000000000400e-01 9.788410250033279247e-01
7.960000000000000409e-01 9.788338051932191641e-01
7.970000000000000417e-01 9.788266061396998508e-01
7.980000000000000426e-01 9.788194278383255398e-01
7.990000000000000435e-01 9.788122702839375799e-01
8.000000000000000444e-01 9.788051334706397988e-01
8.010000000000000453e-01 9.787980173917989468e-01
8.020000000000000462e-01 9.787909220400279331e-01
8.030000000000000471e-01 9.787838474071844930e-01
8.040000000000000480e-01 9.787767934843546458e-01
8.050000000000000488e-01 9.787697602618533610e-01
8.060000000000000497e-01 9.787627477292115685e-01
8.070000000000000506e-01 9.787557558751807107e-01
8.080000000000000515e-01 9.787487846877219733e-01
8.090000000000000524e-01 9.787418341540012889e-01
8.100000000000000533e-01 9.787349042603900040e-01
8.110000000000000542e-01 9.787279949924606592e-01
8.120000000000000551e-01 9.787211063349919860e-01
8.130000000000000560e-01 9.787142382719601352e-01
8.140000000000000568e-01 9.787073907865448952e-01
8.150000000000000577e-01 9.787005638611248060e-01
8.160000000000000586e-01 9.786937574772854864e-01
8.170000000000000595e-01 9.786869716158174137e-01
8.180000000000000604e-01 9.786802062567202531e-01
8.190000000000000613e-01 9.786734613792047455e-01
8.200000000000000622e-01 9.786667369616984802e-01
8.210000000000000631e-01 9.786600329818512245e-01
8.220000000000000639e-01 9.786533494165357006e-01
8.230000000000000648e-01 9.786466862418627954e-01
8.240000000000000657e-01 9.786400434331742337e-01
8.250000000000000666e-01 9.786334209650592308e-01
8.260000000000000675e-01 9.786268188113599331e-01
8.270000000000000684e-01 9.786202369451768579e-01
8.280000000000000693e-01 9.786136753388789966e-01
8.290000000000000702e-01 9.786071339641086997e-01
8.300000000000000711e-01 9.786006127917963315e-01
8.310000000000000719e-01 9.785941117921626020e-01
8.320000000000000728e-01 9.785876309347339985e-01
8.329999999999999627e-01 9.785811701883496694e-01
8.339999999999999636e-01 9.785747295211728591e-01
8.349999999999999645e-01 9.785683089007003455e-01
8.359999999999999654e-01 9.785619082937733193e-01
8.369999999999999662e-01 9.785555276665914848e-01
8.379999999999999671e-01 9.785491669847199425e-01
8.389999999999999680e-01 9.785428262131037336e-01
8.399999999999999689e-01 9.785365053160789417e-01
8.409999999999999698e-01 9.785302042573816861e-01
8.419999999999999707e-01 9.785239230001653299e-01
8.429999999999999716e-01 9.785176615070129147e-01
8.439999999999999725e-01 9.785114197399441549e-01
8.449999999999999734e-01 9.785051976604316470e-01
8.459999999999999742e-01 9.784989952294144144e-01
8.469999999999999751e-01 9.784928124073072331e-01
8.479999999999999760e-01 9.784866491540195055e-01
8.489999999999999769e-01 9.784805054289640314e-01
8.499999999999999778e-01 9.784743811910696643e-01
8.509999999999999787e-01 9.784682763987971876e-01
8.519999999999999796e-01 9.784621910101520825e-01
8.529999999999999805e-01 9.784561249826952967e-01
8.539999999999999813e-01 9.784500782735608970e-01
8.549999999999999822e-01 9.784440508394646185e-01
8.559999999999999831e-01 9.784380426367215167e-01
8.569999999999999840e-01 9.784320536212548491e-01
8.579999999999999849e-01 9.784260837486166151e-01
8.589999999999999858e-01 9.784201329739932174e-01
8.599999999999999867e-01 9.784142012522184517e-01
8.609999999999999876e-01 9.784082885377952676e-01
8.619999999999999885e-01 9.784023947849023184e-01
8.629999999999999893e-01 9.783965199474082830e-01
8.639999999999999902e-01 9.783906639788833015e-01
8.649999999999999911e-01 9.783848268326154063e-01
8.659999999999999920e-01 9.783790084616204030e-01
8.669999999999999929e-01 9.783732088186554154e-01
8.679999999999999938e-01 9.783674278562334292e-01
8.689999999999999947e-01 9.783616655266335060e-01
8.699999999999999956e-01 9.783559217819112197e-01
8.709999999999999964e-01 9.783501965739184181e-01
8.719999999999999973e-01 9.783444898543056656e-01
8.729999999999999982e-01 9.783388015745397848e-01
8.739999999999999991e-01 9.783331316859186222e-01
8.750000000000000000e-01 9.783274801395753784e-01
8.760000000000000009e-01 9.783218468864947059e-01
8.770000000000000018e-01 9.783162318775240340e-01
8.780000000000000027e-01 9.783106350633825610e-01
8.790000000000000036e-01 9.783050563946752431e-01
8.800000000000000044e-01 9.782994958218992343e-01
8.810000000000000053e-01 9.782939532954606499e-01
8.820000000000000062e-01 9.782884287656788969e-01
8.830000000000000071e-01 9.782829221828038824e-01
8.840000000000000080e-01 9.782774334970184560e-01
8.850000000000000089e-01 9.782719626584531758e-01
8.860000000000000098e-01 9.782665096171970776e-01
8.870000000000000107e-01 9.782610743233025596e-01
8.880000000000000115e-01 9.782556567267981507e-01
8.890000000000000124e-01 9.782502567776985014e-01
8.900000000000000133e-01 9.782448744260118234e-01
8.910000000000000142e-01 9.782395096217456620e-01
8.920000000000000151e-01 9.782341623149215515e-01
8.930000000000000160e-01 9.782288324555806769e-01
8.940000000000000169e-01 9.782235199937904246e-01
8.950000000000000178e-01 9.782182248796530422e-01
8.960000000000000187e-01 9.782129470633182944e-01
8.970000000000000195e-01 9.782076864949802442e-01
8.980000000000000204e-01 9.782024431249000118e-01
8.990000000000000213e-01 9.781972169033978926e-01
9.000000000000000222e-01 9.781920077808681224e-01
9.010000000000000231e-01 9.781868157077839854e-01
9.020000000000000240e-01 9.781816406347076942e-01
9.030000000000000249e-01 9.781764825122905016e-01
9.040000000000000258e-01 9.781713412912850236e-01
9.050000000000000266e-01 9.781662169225461279e-01
9.060000000000000275e-01 9.781611093570392601e-01
9.070000000000000284e-01 9.781560185458492152e-01
9.080000000000000293e-01 9.781509444401776943e-01
9.090000000000000302e-01 9.781458869913559617e-01
9.100000000000000311e-01 9.781408461508470653e-01
9.110000000000000320e-01 9.781358218702478347e-01
9.120000000000000329e-01 9.781308141012997615e-01
9.130000000000000338e-01 9.781258227958863349e-01
9.140000000000000346e-01 9.781208479060449212e-01
9.150000000000000355e-01 9.781158893839634327e-01
9.160000000000000364e-01 9.781109471819905421e-01
9.170000000000000373e-01 9.781060212526352382e-01
9.180000000000000382e-01 9.781011115485707119e-01
9.190000000000000391e-01 9.780962180226424607e-01
9.200000000000000400e-01 9.780913406278647360e-01
9.210000000000000409e-01 9.780864793174288696e-01
9.220000000000000417e-01 9.780816340447023860e-01
9.230000000000000426e-01 9.780768047632327766e-01
9.240000000000000435e-01 9.780719914267531623e-01
9.250000000000000444e-01 9.780671939891847355e-01
9.260000000000000453e-01 9.780624124046309875e-01
9.270000000000000462e-01 9.780576466273872560e-01
9.280000000000000471e-01 9.780528966119430567e-01
9.290000000000000480e-01 9.780481623129803070e-01
9.300000000000000488e-01 9.780434436853765456e-01
9.310000000000000497e-01 9.780387406842054876e-01
9.320000000000000506e-01 9.780340532647421314e-01
9.330000000000000515e-01 9.780293813824613158e-01
9.340000000000000524e-01 9.780247249930358322e-01
9.350000000000000533e-01 9.780200840523425310e-01
9.360000000000000542e-01 9.780154585164617664e-01
9.370000000000000551e-01 9.780108483416750653e-01
9.380000000000000560e-01 9.780062534844708999e-01
9.390000000000000568e-01 9.780016739015424676e-01
9.400000000000000577e-01 9.779971095497863587e-01
9.410000000000000586e-01 9.779925603863059980e-01
9.420000000000000595e-01 9.779880263684109787e-01
9.430000000000000604e-01 9.779835074536178396e-01
9.440000000000000613e-01 9.779790035996447362e-01
9.450000000000000622e-01 9.779745147644219871e-01
9.460000000000000631e-01 9.779700409060810840e-01
9.470000000000000639e-01 9.779655819829586871e-01
9.480000000000000648e-01 9.779611379535991800e-01
9.490000000000000657e-01 9.779567087767516709e-01
9.500000000000000666e-01 9.779522944113648864e-01
9.510000000000000675e-01 9.779478948165939434e-01
9.520000000000000684e-01 9.779435099517985730e-01
9.530000000000000693e-01 9.779391397765344607e-01
9.540000000000000702e-01 9.779347842505639044e-01
9.550000000000000711e-01 9.779304433338451563e-01
9.560000000000000719e-01 9.779261169865400838e-01
9.570000000000000728e-01 9.779218051690028446e-01
9.580000000000000737e-01 9.779175078417893241e-01
9.590000000000000746e-01 9.779132249656475873e-01
9.599999999999999645e-01 9.779089565015230967e-01
9.609999999999999654e-01 9.779047024105520514e-01
9.619999999999999662e-01 9.779004626540621636e-01
9.629999999999999671e-01 9.778962371935715492e-01
9.639999999999999680e-01 9.778920259907878387e-01
9.649999999999999689e-01 9.778878290076041813e-01
9.659999999999999698e-01 9.778836462061017976e-01
9.669999999999999707e-01 9.778794775485472046e-01
9.679999999999999716e-01 9.778753229973851102e-01
9.689999999999999725e-01 9.778711825152426318e-01
9.699999999999999734e-01 9.778670560649271870e-01
9.709999999999999742e-01 9.778629436094210536e-01
9.719999999999999751e-01 9.778588451118860325e-01
9.729999999999999760e-01 9.778547605356521233e-01
9.739999999999999769e-01 9.778506898442246298e-01
9.749999999999999778e-01 9.778466330012791641e-01
9.759999999999999787e-01 9.778425899706578717e-01
9.769999999999999796e-01 9.778385607163712079e-01
9.779999999999999805e-01 9.778345452025904994e-01
9.789999999999999813e-01 9.778305433936502755e-01
9.799999999999999822e-01 9.778265552540488237e-01
9.809999999999999831e-01 9.778225807484397514e-01
9.819999999999999840e-01 9.778186198416328745e-01
9.829999999999999849e-01 9.778146724985919969e-01
9.839999999999999858e-01 9.778107386844360205e-01
9.849999999999999867e-01 9.778068183644316180e-01
9.859999999999999876e-01 9.778029115039932329e-01
9.869999999999999885e-01 9.777990180686843003e-01
9.879999999999999893e-01 9.777951380242092538e-01
9.889999999999999902e-01 9.777912713364165231e-01
9.899999999999999911e-01 9.777874179712938707e-01
9.909999999999999920e-01 9.777835778949687251e-01
9.919999999999999929e-01 9.777797510737019637e-01
9.929999999999999938e-01 9.777759374738892451e-01
9.939999999999999947e-01 9.777721370620585661e-01
9.949999999999999956e-01 9.777683498048672650e-01
9.959999999999999964e-01 9.777645756690986900e-01
9.969999999999999973e-01 9.777608146216660856e-01
9.979999999999999982e-01 9.777570666296024893e-01
9.989999999999999991e-01 9.777533316600653945e-01
