0.000000000000000000e+00 9.942530597434360295e-01
1.000000000000000021e-03 9.904661336366357149e-01
2.000000000000000042e-03 9.874966705379201182e-01
3.000000000000000062e-03 9.850243288331300695e-01
4.000000000000000083e-03 9.828901149107900359e-01
5.000000000000000104e-03 9.810033427801115868e-01
6.000000000000000125e-03 9.793072012523869052e-01
7.000000000000000146e-03 9.777636584843029111e-01
8.000000000000000167e-03 9.763459607931420647e-01
9.000000000000001055e-03 9.750345403145366241e-01
1.000000000000000021e-02 9.738146183977818282e-01
1.099999999999999936e-02 9.726747233263817183e-01
1.200000000000000025e-02 9.716057337272911987e-01
1.300000000000000114e-02 9.706002402106669313e-01
1.400000000000000029e-02 9.696521077900455143e-01
1.499999999999999944e-02 9.687561692459238927e-01
1.600000000000000033e-02 9.679080061818398084e-01
1.700000000000000122e-02 9.671037900773434837e-01
1.800000000000000211e-02 9.663401651133048942e-01
1.899999999999999953e-02 9.656141605182374521e-01
2.000000000000000042e-02 9.649231240452200709e-01
2.100000000000000130e-02 9.642646707536260964e-01
2.199999999999999872e-02 9.636366430026691576e-01
2.299999999999999961e-02 9.630370787480138084e-01
2.400000000000000050e-02 9.624641860559016715e-01
2.500000000000000139e-02 9.619163223263376139e-01
2.600000000000000228e-02 9.613919771250595270e-01
2.699999999999999969e-02 9.608897578149108165e-01
2.800000000000000058e-02 9.604083773860243589e-01
2.900000000000000147e-02 9.599466440351459573e-01
2.999999999999999889e-02 9.595034521541774275e-01
3.099999999999999978e-02 9.590777744684136907e-01
3.200000000000000067e-02 9.586686551242609156e-01
3.300000000000000155e-02 9.582752035702362114e-01
3.400000000000000244e-02 9.578965891080341022e-01
3.500000000000000333e-02 9.575320360153356525e-01
3.600000000000000422e-02 9.571808191609587624e-01
3.699999999999999817e-02 9.568422600475313677e-01
3.799999999999999906e-02 9.565157232281368271e-01
3.899999999999999994e-02 9.562006130522641145e-01
4.000000000000000083e-02 9.558963707033658608e-01
4.100000000000000172e-02 9.556024714959718835e-01
4.200000000000000261e-02 9.553184224048431039e-01
4.300000000000000350e-02 9.550437598023159280e-01
4.399999999999999745e-02 9.547780473831449788e-01
4.499999999999999833e-02 9.545208742585797879e-01
4.599999999999999922e-02 9.542718532037171020e-01
4.700000000000000011e-02 9.540306190438347933e-01
4.800000000000000100e-02 9.537968271671071196e-01
4.900000000000000189e-02 9.535701521522957913e-01
5.000000000000000278e-02 9.533502865014013006e-01
5.100000000000000366e-02 9.531369394686576291e-01
5.200000000000000455e-02 9.529298359766705806e-01
5.299999999999999850e-02 9.527287156129929935e-01
5.399999999999999939e-02 9.525333317003151778e-01
5.500000000000000028e-02 9.523434504341927731e-01
5.600000000000000117e-02 9.521588500828135349e-01
5.700000000000000205e-02 9.519793202438019408e-01
5.800000000000000294e-02 9.518046611535020407e-01
5.900000000000000383e-02 9.516346830445895355e-01
5.999999999999999778e-02 9.514692055482226740e-01
6.099999999999999867e-02 9.513080571372750649e-01
6.199999999999999956e-02 9.511510746074809397e-01
6.300000000000000044e-02 9.509981025936136145e-01
6.400000000000000133e-02 9.508489931180278409e-01
6.500000000000000222e-02 9.507036051691521994e-01
6.600000000000000311e-02 9.505618043076964341e-01
6.700000000000000400e-02 9.504234622985288095e-01
6.800000000000000488e-02 9.502884567663489879e-01
6.900000000000000577e-02 9.501566708734213718e-01
7.000000000000000666e-02 9.500279930177897292e-01
7.100000000000000755e-02 9.499023165504991706e-01
7.200000000000000844e-02 9.497795395104884353e-01
7.299999999999999545e-02 9.496595643759049299e-01
7.399999999999999634e-02 9.495422978306923278e-01
7.499999999999999722e-02 9.494276505454084525e-01
7.599999999999999811e-02 9.493155369712764635e-01
7.699999999999999900e-02 9.492058751465832778e-01
7.799999999999999989e-02 9.490985865145830092e-01
7.900000000000000078e-02 9.489935957521355991e-01
8.000000000000000167e-02 9.488908306083631006e-01
8.100000000000000255e-02 9.487902217526652526e-01
8.200000000000000344e-02 9.486917026314817258e-01
8.300000000000000433e-02 9.485952093332244983e-01
8.400000000000000522e-02 9.485006804608585584e-01
8.500000000000000611e-02 9.484080570116435460e-01
8.600000000000000699e-02 9.483172822635740351e-01
8.700000000000000788e-02 9.482283016680926879e-01
8.799999999999999489e-02 9.481410627487001364e-01
8.899999999999999578e-02 9.480555150050768987e-01
8.999999999999999667e-02 9.479716098223801568e-01
9.099999999999999756e-02 9.478893003854055310e-01
9.199999999999999845e-02 9.478085415973147576e-01
9.299999999999999933e-02 9.477292900026541567e-01
9.400000000000000022e-02 9.476515037143922182e-01
9.500000000000000111e-02 9.475751423447705823e-01
9.600000000000000200e-02 9.475001669397015158e-01
9.700000000000000289e-02 9.474265399165389123e-01
9.800000000000000377e-02 9.473542250050047686e-01
9.900000000000000466e-02 9.472831871910775137e-01
1.000000000000000056e-01 9.472133926637403833e-01
1.010000000000000064e-01 9.471448087643508096e-01
1.020000000000000073e-01 9.470774039384912690e-01
1.030000000000000082e-01 9.470111476902044467e-01
1.040000000000000091e-01 9.469460105384305271e-01
1.049999999999999961e-01 9.468819639755751139e-01
1.059999999999999970e-01 9.468189804280430222e-01
1.069999999999999979e-01 9.467570332186603377e-01
1.079999999999999988e-01 9.466960965308782727e-01
1.089999999999999997e-01 9.466361453746467980e-01
1.100000000000000006e-01 9.465771555538881055e-01
1.110000000000000014e-01 9.465191036354736465e-01
1.120000000000000023e-01 9.464619669196304708e-01
1.130000000000000032e-01 9.464057234116951545e-01
1.140000000000000041e-01 9.463503517951555866e-01
1.150000000000000050e-01 9.462958314059023435e-01
1.160000000000000059e-01 9.462421422076362498e-01
1.170000000000000068e-01 9.461892647683695090e-01
1.180000000000000077e-01 9.461371802379654472e-01
1.190000000000000085e-01 9.460858703266619152e-01
1.199999999999999956e-01 9.460353172845353820e-01
1.209999999999999964e-01 9.459855038818513195e-01
1.219999999999999973e-01 9.459364133902625760e-01
1.229999999999999982e-01 9.458880295648126602e-01
1.239999999999999991e-01 9.458403366267020829e-01
1.250000000000000000e-01 9.457933192467844474e-01
1.260000000000000009e-01 9.457469625297560967e-01
1.270000000000000018e-01 9.457012519990017907e-01
1.280000000000000027e-01 9.456561735820735448e-01
1.290000000000000036e-01 9.456117135967637699e-01
1.300000000000000044e-01 9.455678587377513988e-01
1.310000000000000053e-01 9.455245960637913560e-01
1.320000000000000062e-01 9.454819129854193926e-01
1.330000000000000071e-01 9.454397972531562999e-01
1.340000000000000080e-01 9.453982369461801927e-01
1.350000000000000089e-01 9.453572204614494323e-01
1.360000000000000098e-01 9.453167365032562053e-01
1.370000000000000107e-01 9.452767740731886636e-01
1.380000000000000115e-01 9.452373224604885271e-01
1.390000000000000124e-01 9.451983712327767240e-01
1.400000000000000133e-01 9.451599102271441843e-01
1.410000000000000142e-01 9.451219295415775878e-01
1.420000000000000151e-01 9.450844195267178449e-01
1.430000000000000160e-01 9.450473707779254440e-01
1.440000000000000169e-01 9.450107741276517759e-01
1.449999999999999900e-01 9.449746206380877922e-01
1.459999999999999909e-01 9.449389015940953263e-01
1.469999999999999918e-01 9.449036084963938764e-01
1.479999999999999927e-01 9.448687330550008534e-01
1.489999999999999936e-01 9.448342671829128570e-01
1.499999999999999944e-01 9.448002029900152143e-01
1.509999999999999953e-01 9.447665327772146737e-01
1.519999999999999962e-01 9.447332490307788211e-01
1.529999999999999971e-01 9.447003444168846631e-01
1.539999999999999980e-01 9.446678117763541715e-01
1.549999999999999989e-01 9.446356441195817855e-01
1.559999999999999998e-01 9.446038346216383275e-01
1.570000000000000007e-01 9.445723766175446734e-01
1.580000000000000016e-01 9.445412635977130655e-01
1.590000000000000024e-01 9.445104892035434130e-01
1.600000000000000033e-01 9.444800472231722477e-01
1.610000000000000042e-01 9.444499315873678968e-01
1.620000000000000051e-01 9.444201363655650994e-01
1.630000000000000060e-01 9.443906557620315168e-01
1.640000000000000069e-01 9.443614841121641401e-01
1.650000000000000078e-01 9.443326158789140390e-01
1.660000000000000087e-01 9.443040456493189128e-01
1.670000000000000095e-01 9.442757681311656492e-01
1.680000000000000104e-01 9.442477781497470302e-01
1.690000000000000113e-01 9.442200706447347880e-01
1.700000000000000122e-01 9.441926406671533600e-01
1.710000000000000131e-01 9.441654833764452359e-01
1.720000000000000140e-01 9.441385940376355590e-01
1.730000000000000149e-01 9.441119680185905416e-01
1.740000000000000158e-01 9.440856007873503764e-01
1.750000000000000167e-01 9.440594879095628444e-01
1.759999999999999898e-01 9.440336250459816503e-01
1.769999999999999907e-01 9.440080079500554611e-01
1.779999999999999916e-01 9.439826324655846701e-01
1.789999999999999925e-01 9.439574945244521009e-01
1.799999999999999933e-01 9.439325901444209910e-01
1.809999999999999942e-01 9.439079154270070271e-01
1.819999999999999951e-01 9.438834665554053371e-01
1.829999999999999960e-01 9.438592397924897570e-01
1.839999999999999969e-01 9.438352314788619468e-01
1.849999999999999978e-01 9.438114380309648999e-01
1.859999999999999987e-01 9.437878559392534061e-01
1.869999999999999996e-01 9.437644817664123664e-01
1.880000000000000004e-01 9.437413121456319498e-01
1.890000000000000013e-01 9.437183437789329332e-01
1.900000000000000022e-01 9.436955734355344516e-01
1.910000000000000031e-01 9.436729979502770371e-01
1.920000000000000040e-01 9.436506142220854043e-01
1.930000000000000049e-01 9.436284192124745340e-01
1.940000000000000058e-01 9.436064099441013875e-01
1.950000000000000067e-01 9.435845834993542569e-01
1.960000000000000075e-01 9.435629370189813070e-01
1.970000000000000084e-01 9.435414677007596396e-01
1.980000000000000093e-01 9.435201727981968878e-01
1.990000000000000102e-01 9.434990496192737774e-01
2.000000000000000111e-01 9.434780955252154433e-01
2.010000000000000120e-01 9.434573079292981612e-01
2.020000000000000129e-01 9.434366842956907195e-01
2.030000000000000138e-01 9.434162221383214364e-01
2.040000000000000147e-01 9.433959190197792610e-01
2.050000000000000155e-01 9.433757725502436298e-01
2.060000000000000164e-01 9.433557803864378588e-01
2.070000000000000173e-01 9.433359402306173980e-01
2.080000000000000182e-01 9.433162498295781795e-01
2.089999999999999913e-01 9.432967069736922783e-01
2.099999999999999922e-01 9.432773094959686633e-01
2.109999999999999931e-01 9.432580552711382627e-01
2.119999999999999940e-01 9.432389422147601232e-01
2.129999999999999949e-01 9.432199682823534381e-01
2.139999999999999958e-01 9.432011314685474490e-01
2.149999999999999967e-01 9.431824298062551071e-01
2.159999999999999976e-01 9.431638613658661630e-01
2.169999999999999984e-01 9.431454242544602407e-01
2.179999999999999993e-01 9.431271166150388963e-01
2.190000000000000002e-01 9.431089366257772166e-01
2.200000000000000011e-01 9.430908824992920714e-01
2.210000000000000020e-01 9.430729524819291276e-01
2.220000000000000029e-01 9.430551448530657410e-01
2.230000000000000038e-01 9.430374579244317212e-01
2.240000000000000047e-01 9.430198900394451966e-01
2.250000000000000056e-01 9.430024395725647990e-01
2.260000000000000064e-01 9.429851049286555043e-01
2.270000000000000073e-01 9.429678845423712374e-01
2.280000000000000082e-01 9.429507768775501342e-01
2.290000000000000091e-01 9.429337804266245682e-01
2.300000000000000100e-01 9.429168937100437242e-01
2.310000000000000109e-01 9.429001152757100490e-01
2.320000000000000118e-01 9.428834436984303569e-01
2.330000000000000127e-01 9.428668775793741519e-01
2.340000000000000135e-01 9.428504155455487146e-01
2.350000000000000144e-01 9.428340562492841803e-01
2.360000000000000153e-01 9.428177983677307195e-01
2.370000000000000162e-01 9.428016406023649321e-01
2.380000000000000171e-01 9.427855816785098986e-01
2.390000000000000180e-01 9.427696203448640011e-01
2.399999999999999911e-01 9.427537553730378495e-01
2.409999999999999920e-01 9.427379855571073053e-01
2.419999999999999929e-01 9.427223097131702811e-01
2.429999999999999938e-01 9.427067266789157518e-01
2.439999999999999947e-01 9.426912353132000932e-01
2.449999999999999956e-01 9.426758344956353008e-01
2.459999999999999964e-01 9.426605231261850903e-01
2.469999999999999973e-01 9.426453001247657726e-01
2.479999999999999982e-01 9.426301644308610062e-01
2.489999999999999991e-01 9.426151150031413239e-01
2.500000000000000000e-01 9.426001508190943179e-01
2.510000000000000009e-01 9.425852708746547126e-01
2.520000000000000018e-01 9.425704741838547562e-01
2.530000000000000027e-01 9.425557597784711694e-01
2.540000000000000036e-01 9.425411267076833077e-01
2.550000000000000044e-01 9.425265740377397616e-01
2.560000000000000053e-01 9.425121008516271770e-01
2.570000000000000062e-01 9.424977062487520652e-01
2.580000000000000071e-01 9.424833893446239452e-01
2.590000000000000080e-01 9.424691492705445928e-01
2.600000000000000089e-01 9.424549851733111661e-01
2.610000000000000098e-01 9.424408962149128932e-01
2.620000000000000107e-01 9.424268815722445236e-01
2.630000000000000115e-01 9.424129404368215557e-01
2.640000000000000124e-01 9.423990720144980182e-01
2.650000000000000133e-01 9.423852755251967972e-01
2.660000000000000142e-01 9.423715502026381863e-01
2.670000000000000151e-01 9.423578952940787623e-01
2.680000000000000160e-01 9.423443100600504829e-01
2.690000000000000169e-01 9.423307937741135509e-01
2.700000000000000178e-01 9.423173457226029504e-01
2.710000000000000187e-01 9.423039652043880832e-01
2.720000000000000195e-01 9.422906515306340713e-01
2.730000000000000204e-01 9.422774040245670557e-01
2.740000000000000213e-01 9.422642220212449349e-01
2.750000000000000222e-01 9.422511048673347656e-01
2.760000000000000231e-01 9.422380519208907179e-01
2.770000000000000240e-01 9.422250625511363609e-01
2.780000000000000249e-01 9.422121361382542748e-01
2.790000000000000258e-01 9.421992720731778848e-01
2.800000000000000266e-01 9.421864697573867353e-01
2.810000000000000275e-01 9.421737286027065394e-01
2.820000000000000284e-01 9.421610480311127800e-01
2.830000000000000293e-01 9.421484274745366427e-01
2.840000000000000302e-01 9.421358663746787210e-01
2.850000000000000311e-01 9.421233641828207217e-01
2.860000000000000320e-01 9.421109203596457204e-01
2.870000000000000329e-01 9.420985343750564178e-01
2.880000000000000338e-01 9.420862057080041652e-01
2.889999999999999791e-01 9.420739338463132162e-01
2.899999999999999800e-01 9.420617182865137496e-01
2.909999999999999809e-01 9.420495585336768896e-01
2.919999999999999818e-01 9.420374541012507263e-01
2.929999999999999827e-01 9.420254045109031082e-01
2.939999999999999836e-01 9.420134092923611036e-01
2.949999999999999845e-01 9.420014679832624527e-01
2.959999999999999853e-01 9.419895801290015802e-01
2.969999999999999862e-01 9.419777452825830455e-01
2.979999999999999871e-01 9.419659630044755483e-01
2.989999999999999880e-01 9.419542328624703753e-01
2.999999999999999889e-01 9.419425544315425114e-01
3.009999999999999898e-01 9.419309272937106403e-01
3.019999999999999907e-01 9.419193510379051393e-01
3.029999999999999916e-01 9.419078252598340750e-01
3.039999999999999925e-01 9.418963495618561943e-01
3.049999999999999933e-01 9.418849235528498065e-01
3.059999999999999942e-01 9.418735468480916584e-01
3.069999999999999951e-01 9.418622190691314788e-01
3.079999999999999960e-01 9.418509398436739621e-01
3.089999999999999969e-01 9.418397088054585309e-01
3.099999999999999978e-01 9.418285255941446499e-01
3.109999999999999987e-01 9.418173898551979173e-01
3.119999999999999996e-01 9.418063012397783762e-01
3.130000000000000004e-01 9.417952594046311576e-01
3.140000000000000013e-01 9.417842640119761244e-01
3.150000000000000022e-01 9.417733147294087281e-01
3.160000000000000031e-01 9.417624112297883210e-01
3.170000000000000040e-01 9.417515531911433424e-01
3.180000000000000049e-01 9.417407402965668473e-01
3.190000000000000058e-01 9.417299722341208046e-01
3.200000000000000067e-01 9.417192486967398413e-01
3.210000000000000075e-01 9.417085693821347636e-01
3.220000000000000084e-01 9.416979339927032955e-01
3.230000000000000093e-01 9.416873422354355982e-01
3.240000000000000102e-01 9.416767938218282286e-01
3.250000000000000111e-01 9.416662884677939882e-01
3.260000000000000120e-01 9.416558258935776582e-01
3.270000000000000129e-01 9.416454058236698454e-01
3.280000000000000138e-01 9.416350279867264916e-01
3.290000000000000147e-01 9.416246921154853844e-01
3.300000000000000155e-01 9.416143979466878866e-01
3.310000000000000164e-01 9.416041452210002216e-01
3.320000000000000173e-01 9.415939336829353135e-01
3.330000000000000182e-01 9.415837630807806224e-01
3.340000000000000191e-01 9.415736331665200964e-01
3.350000000000000200e-01 9.415635436957653370e-01
3.360000000000000209e-01 9.415534944276807705e-01
3.370000000000000218e-01 9.415434851249172565e-01
3.380000000000000226e-01 9.415335155535404787e-01
3.390000000000000235e-01 9.415235854829655526e-01
3.400000000000000244e-01 9.415136946858890798e-01
3.410000000000000253e-01 9.415038429382271978e-01
3.420000000000000262e-01 9.414940300190489664e-01
3.430000000000000271e-01 9.414842557105155274e-01
3.440000000000000280e-01 9.414745197978180435e-01
3.450000000000000289e-01 9.414648220691191893e-01
3.460000000000000298e-01 9.414551623154914228e-01
3.470000000000000306e-01 9.414455403308620296e-01
3.480000000000000315e-01 9.414359559119541698e-01
3.490000000000000324e-01 9.414264088582328105e-01
3.500000000000000333e-01 9.414168989718484370e-01
3.510000000000000342e-01 9.414074260575845399e-01
3.519999999999999796e-01 9.413979899228054338e-01
3.529999999999999805e-01 9.413885903774028563e-01
3.539999999999999813e-01 9.413792272337472289e-01
3.549999999999999822e-01 9.413699003066373638e-01
3.559999999999999831e-01 9.413606094132512814e-01
3.569999999999999840e-01 9.413513543730990252e-01
3.579999999999999849e-01 9.413421350079748118e-01
3.589999999999999858e-01 9.413329511419128437e-01
3.599999999999999867e-01 9.413238026011409021e-01
3.609999999999999876e-01 9.413146892140357158e-01
3.619999999999999885e-01 9.413056108110814391e-01
3.629999999999999893e-01 9.412965672248247984e-01
3.639999999999999902e-01 9.412875582898351245e-01
3.649999999999999911e-01 9.412785838426629414e-01
3.659999999999999920e-01 9.412696437217993317e-01
3.669999999999999929e-01 9.412607377676370790e-01
3.679999999999999938e-01 9.412518658224318102e-01
3.689999999999999947e-01 9.412430277302649140e-01
3.699999999999999956e-01 9.412342233370053490e-01
3.709999999999999964e-01 9.412254524902740060e-01
3.719999999999999973e-01 9.412167150394075144e-01
3.729999999999999982e-01 9.412080108354242691e-01
3.739999999999999991e-01 9.411993397309885712e-01
3.750000000000000000e-01 9.411907015803785415e-01
3.760000000000000009e-01 9.411820962394523704e-01
3.770000000000000018e-01 9.411735235656154552e-01
3.780000000000000027e-01 9.411649834177910900e-01
3.790000000000000036e-01 9.411564756563860490e-01
3.800000000000000044e-01 9.411480001432630527e-01
3.810000000000000053e-01 9.411395567417092378e-01
3.820000000000000062e-01 9.411311453164079577e-01
3.830000000000000071e-01 9.411227657334089169e-01
3.840000000000000080e-01 9.411144178601015264e-01
3.850000000000000089e-01 9.411061015651863704e-01
3.860000000000000098e-01 9.410978167186487831e-01
3.870000000000000107e-01 9.410895631917328696e-01
3.880000000000000115e-01 9.410813408569136396e-01
3.890000000000000124e-01 9.410731495878736919e-01
3.900000000000000133e-01 9.410649892594780130e-01
3.910000000000000142e-01 9.410568597477486641e-01
3.920000000000000151e-01 9.410487609298420209e-01
3.930000000000000160e-01 9.410406926840243491e-01
3.940000000000000169e-01 9.410326548896499332e-01
3.950000000000000178e-01 9.410246474271384276e-01
3.960000000000000187e-01 9.410166701779523191e-01
3.970000000000000195e-01 9.410087230245752776e-01
3.980000000000000204e-01 9.410008058504926165e-01
3.990000000000000213e-01 9.409929185401688656e-01
4.000000000000000222e-01 9.409850609790283427e-01
4.010000000000000231e-01 9.409772330534356133e-01
4.020000000000000240e-01 9.409694346506757290e-01
4.030000000000000249e-01 9.409616656589345762e-01
4.040000000000000258e-01 9.409539259672825562e-01
4.050000000000000266e-01 9.409462154656534905e-01
4.060000000000000275e-01 9.409385340448288559e-01
4.070000000000000284e-01 9.409308815964193551e-01
4.080000000000000293e-01 9.409232580128483736e-01
4.090000000000000302e-01 9.409156631873347720e-01
4.100000000000000311e-01 9.409080970138777866e-01
4.110000000000000320e-01 9.409005593872382667e-01
4.120000000000000329e-01 9.408930502029264620e-01
4.130000000000000338e-01 9.408855693571841483e-01
4.140000000000000346e-01 9.408781167469705276e-01
4.150000000000000355e-01 9.408706922699480169e-01
4.160000000000000364e-01 9.408632958244671496e-01
4.169999999999999818e-01 9.408559273095520314e-01
4.179999999999999827e-01 9.408485866248886831e-01
4.189999999999999836e-01 9.408412736708086088e-01
4.199999999999999845e-01 9.408339883482785826e-01
4.209999999999999853e-01 9.408267305588853269e-01
4.219999999999999862e-01 9.408195002048252986e-01
4.229999999999999871e-01 9.408122971888891461e-01
4.239999999999999880e-01 9.408051214144537155e-01
4.249999999999999889e-01 9.407979727854668406e-01
4.259999999999999898e-01 9.407908512064371287e-01
4.269999999999999907e-01 9.407837565824236359e-01
4.279999999999999916e-01 9.407766888190234322e-01
4.289999999999999925e-01 9.407696478223611658e-01
4.299999999999999933e-01 9.407626334990789596e-01
4.309999999999999942e-01 9.407556457563249763e-01
4.319999999999999951e-01 9.407486845017459798e-01
4.329999999999999960e-01 9.407417496434752335e-01
4.339999999999999969e-01 9.407348410901221758e-01
4.349999999999999978e-01 9.407279587507656471e-01
4.359999999999999987e-01 9.407211025349437872e-01
4.369999999999999996e-01 9.407142723526429329e-01
4.380000000000000004e-01 9.407074681142930661e-01
4.390000000000000013e-01 9.407006897307544913e-01
4.400000000000000022e-01 9.406939371133131722e-01
4.410000000000000031e-01 9.406872101736716285e-01
4.420000000000000040e-01 9.406805088239389434e-01
4.430000000000000049e-01 9.406738329766268780e-01
4.440000000000000058e-01 9.406671825446383250e-01
4.450000000000000067e-01 9.406605574412620907e-01
4.460000000000000075e-01 9.406539575801653452e-01
4.470000000000000084e-01 9.406473828753859623e-01
4.480000000000000093e-01 9.406408332413273010e-01
4.490000000000000102e-01 9.406343085927491021e-01
4.500000000000000111e-01 9.406278088447621588e-01
4.510000000000000120e-01 9.406213339128218776e-01
4.520000000000000129e-01 9.406148837127225049e-01
4.530000000000000138e-01 9.406084581605909101e-01
4.540000000000000147e-01 9.406020571728784807e-01
4.550000000000000155e-01 9.405956806663584580e-01
4.560000000000000164e-01 9.405893285581187202e-01
4.570000000000000173e-01 9.405830007655562319e-01
4.580000000000000182e-01 9.405766972063721587e-01
4.590000000000000191e-01 9.405704177985657610e-01
4.600000000000000200e-01 9.405641624604305084e-01
4.610000000000000209e-01 9.405579311105481954e-01
4.620000000000000218e-01 9.405517236677840565e-01
4.630000000000000226e-01 9.405455400512835462e-01
4.640000000000000235e-01 9.405393801804650122e-01
4.650000000000000244e-01 9.405332439750175855e-01
4.660000000000000253e-01 9.405271313548958512e-01
4.670000000000000262e-01 9.405210422403157411e-01
4.680000000000000271e-01 9.405149765517497595e-01
4.690000000000000280e-01 9.405089342099243188e-01
4.700000000000000289e-01 9.405029151358142991e-01
4.710000000000000298e-01 9.404969192506408282e-01
4.720000000000000306e-01 9.404909464758660631e-01
4.730000000000000315e-01 9.404849967331904148e-01
4.740000000000000324e-01 9.404790699445479962e-01
4.750000000000000333e-01 9.404731660321050679e-01
4.760000000000000342e-01 9.404672849182558192e-01
4.770000000000000351e-01 9.404614265256173722e-01
4.780000000000000360e-01 9.404555907770298928e-01
4.790000000000000369e-01 9.404497775955510397e-01
4.799999999999999822e-01 9.404439869044538547e-01
4.809999999999999831e-01 9.404382186272237654e-01
4.819999999999999840e-01 9.404324726875558094e-01
4.829999999999999849e-01 9.404267490093521920e-01
4.839999999999999858e-01 9.404210475167192884e-01
4.849999999999999867e-01 9.404153681339646464e-01
4.859999999999999876e-01 9.404097107855959869e-01
4.869999999999999885e-01 9.404040753963164301e-01
4.879999999999999893e-01 9.403984618910243842e-01
4.889999999999999902e-01 9.403928701948108815e-01
4.899999999999999911e-01 9.403873002329553588e-01
4.909999999999999920e-01 9.403817519309265460e-01
4.919999999999999929e-01 9.403762252143779143e-01
4.929999999999999938e-01 9.403707200091465657e-01
4.939999999999999947e-01 9.403652362412517896e-01
4.949999999999999956e-01 9.403597738368923986e-01
4.959999999999999964e-01 9.403543327224457293e-01
4.969999999999999973e-01 9.403489128244640893e-01
4.979999999999999982e-01 9.403435140696756456e-01
4.989999999999999991e-01 9.403381363849808716e-01
5.000000000000000000e-01 9.403327796974516595e-01
5.010000000000000009e-01 9.403274439343286550e-01
5.020000000000000018e-01 9.403221290230221463e-01
5.030000000000000027e-01 9.403168348911083996e-01
5.040000000000000036e-01 9.403115614663284383e-01
5.050000000000000044e-01 9.403063086765872658e-01
5.060000000000000053e-01 9.403010764499541985e-01
5.070000000000000062e-01 9.402958647146588689e-01
5.080000000000000071e-01 9.402906733990906707e-01
5.090000000000000080e-01 9.402855024317987587e-01
5.100000000000000089e-01 9.402803517414898282e-01
5.110000000000000098e-01 9.402752212570275603e-01
5.120000000000000107e-01 9.402701109074318442e-01
5.130000000000000115e-01 9.402650206218760021e-01
5.140000000000000124e-01 9.402599503296883432e-01
5.150000000000000133e-01 9.402548999603498325e-01
5.160000000000000142e-01 9.402498694434928694e-01
5.170000000000000151e-01 9.402448587089017318e-01
5.180000000000000160e-01 9.402398676865104665e-01
5.190000000000000169e-01 9.402348963064026677e-01
5.200000000000000178e-01 9.402299444988106991e-01
5.210000000000000187e-01 9.402250121941148064e-01
5.220000000000000195e-01 9.402200993228425618e-01
5.230000000000000204e-01 9.402152058156688641e-01
5.240000000000000213e-01 9.402103316034131630e-01
5.250000000000000222e-01 9.402054766170416800e-01
5.260000000000000231e-01 9.402006407876652982e-01
5.270000000000000240e-01 9.401958240465381200e-01
5.280000000000000249e-01 9.401910263250593536e-01
5.290000000000000258e-01 9.401862475547702047e-01
5.300000000000000266e-01 9.401814876673555421e-01
5.310000000000000275e-01 9.401767465946422320e-01
5.320000000000000284e-01 9.401720242685993600e-01
5.330000000000000293e-01 9.401673206213368994e-01
5.340000000000000302e-01 9.401626355851061545e-01
5.350000000000000311e-01 9.401579690922994281e-01
5.360000000000000320e-01 9.401533210754494663e-01
5.370000000000000329e-01 9.401486914672289030e-01
5.380000000000000338e-01 9.401440802004498165e-01
5.390000000000000346e-01 9.401394872080647280e-01
5.400000000000000355e-01 9.401349124231646037e-01
5.410000000000000364e-01 9.401303557789795207e-01
5.420000000000000373e-01 9.401258172088785559e-01
5.430000000000000382e-01 9.401212966463698972e-01
5.440000000000000391e-01 9.401167940250986232e-01
5.450000000000000400e-01 9.401123092788495894e-01
5.460000000000000409e-01 9.401078423415447638e-01
5.470000000000000417e-01 9.401033931472443372e-01
5.480000000000000426e-01 9.400989616301465013e-01
5.490000000000000435e-01 9.400945477245861159e-01
5.500000000000000444e-01 9.400901513650371522e-01
5.510000000000000453e-01 9.400857724861095832e-01
5.520000000000000462e-01 9.400814110225518272e-01
5.530000000000000471e-01 9.400770669092488596e-01
5.540000000000000480e-01 9.400727400812232126e-01
5.550000000000000488e-01 9.400684304736347530e-01
5.560000000000000497e-01 9.400641380217797938e-01
5.570000000000000506e-01 9.400598626610933151e-01
5.580000000000000515e-01 9.400556043271456330e-01
5.590000000000000524e-01 9.400513629556460637e-01
5.600000000000000533e-01 9.400471384824390375e-01
5.610000000000000542e-01 9.400429308435079845e-01
5.620000000000000551e-01 9.400387399749721151e-01
5.630000000000000560e-01 9.400345658130888626e-01
5.640000000000000568e-01 9.400304082942519956e-01
5.650000000000000577e-01 9.400262673549936165e-01
5.660000000000000586e-01 9.400221429319827182e-01
5.670000000000000595e-01 9.400180349620250730e-01
5.680000000000000604e-01 9.400139433820650092e-01
5.690000000000000613e-01 9.400098681291837455e-01
5.700000000000000622e-01 9.400058091406002792e-01
5.710000000000000631e-01 9.400017663536709422e-01
5.720000000000000639e-01 9.399977397058913997e-01
5.730000000000000648e-01 9.399937291348930968e-01
5.740000000000000657e-01 9.399897345784467007e-01
5.750000000000000666e-01 9.399857559744613233e-01
5.760000000000000675e-01 9.399817932609830784e-01
5.769999999999999574e-01 9.399778463761976344e-01
5.779999999999999583e-01 9.399739152584285495e-01
5.789999999999999591e-01 9.399699998461380490e-01
5.799999999999999600e-01 9.399661000779272468e-01
5.809999999999999609e-01 9.399622158925357018e-01
5.819999999999999618e-01 9.399583472288426389e-01
5.829999999999999627e-01 9.399544940258651726e-01
5.839999999999999636e-01 9.399506562227609718e-01
5.849999999999999645e-01 9.399468337588269273e-01
5.859999999999999654e-01 9.399430265734984857e-01
5.869999999999999662e-01 9.399392346063516479e-01
5.879999999999999671e-01 9.399354577971018587e-01
5.889999999999999680e-01 9.399316960856052283e-01
5.899999999999999689e-01 9.399279494118568667e-01
5.909999999999999698e-01 9.399242177159933265e-01
5.919999999999999707e-01 9.399205009382901599e-01
5.929999999999999716e-01 9.399167990191653610e-01
5.939999999999999725e-01 9.399131118991762568e-01
5.949999999999999734e-01 9.399094395190208395e-01
5.959999999999999742e-01 9.399057818195403202e-01
5.969999999999999751e-01 9.399021387417142437e-01
5.979999999999999760e-01 9.398985102266653735e-01
5.989999999999999769e-01 9.398948962156576936e-01
5.999999999999999778e-01 9.398912966500959643e-01
6.009999999999999787e-01 9.398877114715278314e-01
6.019999999999999796e-01 9.398841406216424943e-01
6.029999999999999805e-01 9.398805840422709279e-01
6.039999999999999813e-01 9.398770416753881030e-01
6.049999999999999822e-01 9.398735134631093224e-01
6.059999999999999831e-01 9.398699993476937742e-01
6.069999999999999840e-01 9.398664992715435318e-01
6.079999999999999849e-01 9.398630131772029994e-01
6.089999999999999858e-01 9.398595410073595779e-01
6.099999999999999867e-01 9.398560827048444422e-01
6.109999999999999876e-01 9.398526382126322076e-01
6.119999999999999885e-01 9.398492074738408197e-01
6.129999999999999893e-01 9.398457904317313316e-01
6.139999999999999902e-01 9.398423870297099025e-01
6.149999999999999911e-01 9.398389972113250224e-01
6.159999999999999920e-01 9.398356209202710643e-01
6.169999999999999929e-01 9.398322581003857312e-01
6.179999999999999938e-01 9.398289086956503890e-01
6.189999999999999947e-01 9.398255726501923979e-01
6.199999999999999956e-01 9.398222499082835579e-01
6.209999999999999964e-01 9.398189404143397763e-01
6.219999999999999973e-01 9.398156441129219552e-01
6.229999999999999982e-01 9.398123609487368801e-01
6.239999999999999991e-01 9.398090908666357768e-01
6.250000000000000000e-01 9.398058338116157540e-01
6.260000000000000009e-01 9.398025897288193597e-01
6.270000000000000018e-01 9.397993585635340263e-01
6.280000000000000027e-01 9.397961402611938464e-01
6.290000000000000036e-01 9.397929347673780187e-01
6.300000000000000044e-01 9.397897420278118474e-01
6.310000000000000053e-01 9.397865619883672972e-01
6.320000000000000062e-01 9.397833945950614387e-01
6.330000000000000071e-01 9.397802397940590025e-01
6.340000000000000080e-01 9.397770975316699360e-01
6.350000000000000089e-01 9.397739677543510695e-01
6.360000000000000098e-01 9.397708504087058934e-01
6.370000000000000107e-01 9.397677454414852249e-01
6.380000000000000115e-01 9.397646527995847654e-01
6.390000000000000124e-01 9.397615724300498741e-01
6.400000000000000133e-01 9.397585042800703503e-01
6.410000000000000142e-01 9.397554482969843193e-01
6.420000000000000151e-01 9.397524044282774547e-01
6.430000000000000160e-01 9.397493726215813137e-01
6.440000000000000169e-01 9.397463528246761122e-01
6.450000000000000178e-01 9.397433449854886156e-01
6.460000000000000187e-01 9.397403490520933600e-01
6.470000000000000195e-01 9.397373649727127631e-01
6.480000000000000204e-01 9.397343926957161253e-01
6.490000000000000213e-01 9.397314321696212946e-01
6.500000000000000222e-01 9.397284833430927797e-01
6.510000000000000231e-01 9.397255461649440811e-01
6.520000000000000240e-01 9.397226205841363589e-01
6.530000000000000249e-01 9.397197065497777668e-01
6.540000000000000258e-01 9.397168040111248954e-01
6.550000000000000266e-01 9.397139129175827721e-01
6.560000000000000275e-01 9.397110332187049719e-01
6.570000000000000284e-01 9.397081648641916196e-01
6.580000000000000293e-01 9.397053078038922758e-01
6.590000000000000302e-01 9.397024619878038276e-01
6.600000000000000311e-01 9.396996273660719323e-01
6.610000000000000320e-01 9.396968038889905728e-01
6.620000000000000329e-01 9.396939915070026128e-01
6.630000000000000338e-01 9.396911901706972436e-01
6.640000000000000346e-01 9.396883998308144248e-01
6.650000000000000355e-01 9.396856204382407762e-01
6.660000000000000364e-01 9.396828519440120209e-01
6.670000000000000373e-01 9.396800942993117634e-01
6.680000000000000382e-01 9.396773474554734884e-01
6.690000000000000391e-01 9.396746113639763420e-01
6.700000000000000400e-01 9.396718859764499054e-01
6.710000000000000409e-01 9.396691712446724187e-01
6.720000000000000417e-01 9.396664671205696706e-01
6.730000000000000426e-01 9.396637735562165528e-01
6.740000000000000435e-01 9.396610905038357275e-01
6.750000000000000444e-01 9.396584179157989603e-01
6.760000000000000453e-01 9.396557557446258979e-01
6.770000000000000462e-01 9.396531039429851795e-01
6.780000000000000471e-01 9.396504624636932146e-01
6.790000000000000480e-01 9.396478312597154048e-01
6.800000000000000488e-01 9.396452102841650333e-01
6.810000000000000497e-01 9.396425994903037093e-01
6.820000000000000506e-01 9.396399988315413676e-01
6.830000000000000515e-01 9.396374082614363799e-01
6.840000000000000524e-01 9.396348277336955546e-01
6.850000000000000533e-01 9.396322572021730268e-01
6.860000000000000542e-01 9.396296966208723678e-01
6.870000000000000551e-01 9.396271459439439200e-01
6.880000000000000560e-01 9.396246051256872400e-01
6.890000000000000568e-01 9.396220741205488780e-01
6.900000000000000577e-01 9.396195528831242649e-01
6.910000000000000586e-01 9.396170413681563804e-01
6.920000000000000595e-01 9.396145395305361969e-01
6.930000000000000604e-01 9.396120473253025684e-01
6.940000000000000613e-01 9.396095647076412316e-01
6.950000000000000622e-01 9.396070916328871370e-01
6.960000000000000631e-01 9.396046280565217845e-01
6.970000000000000639e-01 9.396021739341743340e-01
6.980000000000000648e-01 9.395997292216221597e-01
6.990000000000000657e-01 9.395972938747889636e-01
7.000000000000000666e-01 9.395948678497469952e-01
7.010000000000000675e-01 9.395924511027143877e-01
7.020000000000000684e-01 9.395900435900585990e-01
7.030000000000000693e-01 9.395876452682915270e-01
7.039999999999999591e-01 9.395852560940739506e-01
7.049999999999999600e-01 9.395828760242133093e-01
7.059999999999999609e-01 9.395805050156633698e-01
7.069999999999999618e-01 9.395781430255251143e-01
7.079999999999999627e-01 9.395757900110459637e-01
7.089999999999999636e-01 9.395734459296202212e-01
7.099999999999999645e-01 9.395711107387884065e-01
7.109999999999999654e-01 9.395687843962373664e-01
7.119999999999999662e-01 9.395664668597999425e-01
7.129999999999999671e-01 9.395641580874565246e-01
7.139999999999999680e-01 9.395618580373316098e-01
7.149999999999999689e-01 9.395595666676972435e-01
7.159999999999999698e-01 9.395572839369707996e-01
7.169999999999999707e-01 9.395550098037146469e-01
7.179999999999999716e-01 9.395527442266378149e-01
7.189999999999999725e-01 9.395504871645943279e-01
7.199999999999999734e-01 9.395482385765837607e-01
7.209999999999999742e-01 9.395459984217505722e-01
7.219999999999999751e-01 9.395437666593846604e-01
7.229999999999999760e-01 9.395415432489212515e-01
7.239999999999999769e-01 9.395393281499397897e-01
7.249999999999999778e-01 9.395371213221653806e-01
7.259999999999999787e-01 9.395349227254652380e-01
7.269999999999999796e-01 9.395327323198547909e-01
7.279999999999999805e-01 9.395305500654905773e-01
7.289999999999999813e-01 9.395283759226752407e-01
7.299999999999999822e-01 9.395262098518547544e-01
7.309999999999999831e-01 9.395240518136194208e-01
7.319999999999999840e-01 9.395219017687029828e-01
7.329999999999999849e-01 9.395197596779837346e-01
7.339999999999999858e-01 9.395176255024815237e-01
7.349999999999999867e-01 9.395154992033616370e-01
7.359999999999999876e-01 9.395133807419311367e-01
7.369999999999999885e-01 9.395112700796406369e-01
7.379999999999999893e-01 9.395091671780835263e-01
7.389999999999999902e-01 9.395070719989965236e-01
7.399999999999999911e-01 9.395049845042572345e-01
7.409999999999999920e-01 9.395029046558873720e-01
7.419999999999999929e-01 9.395008324160504243e-01
7.429999999999999938e-01 9.394987677470512111e-01
7.439999999999999947e-01 9.394967106113375488e-01
7.449999999999999956e-01 9.394946609714979191e-01
7.459999999999999964e-01 9.394926187902636894e-01
7.469999999999999973e-01 9.394905840305063371e-01
7.479999999999999982e-01 9.394885566552386713e-01
7.489999999999999991e-01 9.394865366276153873e-01
7.500000000000000000e-01 9.394845239109316237e-01
7.510000000000000009e-01 9.394825184686231845e-01
7.520000000000000018e-01 9.394805202642659836e-01
7.530000000000000027e-01 9.394785292615770445e-01
7.540000000000000036e-01 9.394765454244129455e-01
7.550000000000000044e-01 9.394745687167704862e-01
7.560000000000000053e-01 9.394725991027861323e-01
7.570000000000000062e-01 9.394706365467365705e-01
7.580000000000000071e-01 9.394686810130369325e-01
7.590000000000000080e-01 9.394667324662415719e-01
7.600000000000000089e-01 9.394647908710455075e-01
7.610000000000000098e-01 9.394628561922802046e-01
7.620000000000000107e-01 9.394609283949176826e-01
7.630000000000000115e-01 9.394590074440674066e-01
7.640000000000000124e-01 9.394570933049773975e-01
7.650000000000000133e-01 9.394551859430337881e-01
7.660000000000000142e-01 9.394532853237602676e-01
7.670000000000000151e-01 9.394513914128183041e-01
7.680000000000000160e-01 9.394495041760073661e-01
7.690000000000000169e-01 9.394476235792635910e-01
7.700000000000000178e-01 9.394457495886598952e-01
7.710000000000000187e-01 9.394438821704069742e-01
7.720000000000000195e-01 9.394420212908518586e-01
7.730000000000000204e-01 9.394401669164770263e-01
7.740000000000000213e-01 9.394383190139020678e-01
7.750000000000000222e-01 9.394364775498822429e-01
7.760000000000000231e-01 9.394346424913092575e-01
7.770000000000000240e-01 9.394328138052089328e-01
7.780000000000000249e-01 9.394309914587438692e-01
7.790000000000000258e-01 9.394291754192115596e-01
7.800000000000000266e-01 9.394273656540442774e-01
7.810000000000000275e-01 9.394255621308087445e-01
7.820000000000000284e-01 9.394237648172065747e-01
7.830000000000000293e-01 9.394219736810738297e-01
7.840000000000000302e-01 9.394201886903797982e-01
7.850000000000000311e-01 9.394184098132294380e-01
7.860000000000000320e-01 9.394166370178589354e-01
7.870000000000000329e-01 9.394148702726394795e-01
7.880000000000000338e-01 9.394131095460748204e-01
7.890000000000000346e-01 9.394113548068018238e-01
7.900000000000000355e-01 9.394096060235901380e-01
7.910000000000000364e-01 9.394078631653417499e-01
7.920000000000000373e-01 9.394061262010905411e-01
7.930000000000000382e-01 9.394043951000031756e-01
7.940000000000000391e-01 9.394026698313782120e-01
7.950000000000000400e-01 9.394009503646443271e-01
7.960000000000000409e-01 9.393992366693635354e-01
7.970000000000000417e-01 9.393975287152270814e-01
7.980000000000000426e-01 9.393958264720577711e-01
7.990000000000000435e-01 9.393941299098100828e-01
8.000000000000000444e-01 9.393924389985669476e-01
8.010000000000000453e-01 9.393907537085429693e-01
8.020000000000000462e-01 9.393890740100819814e-01
8.030000000000000471e-01 9.393873998736580466e-01
8.040000000000000480e-01 9.393857312698735695e-01
8.050000000000000488e-01 9.393840681694617389e-01
8.060000000000000497e-01 9.393824105432821980e-01
8.070000000000000506e-01 9.393807583623260404e-01
8.080000000000000515e-01 9.393791115977113693e-01
8.090000000000000524e-01 9.393774702206847405e-01
8.100000000000000533e-01 9.393758342026207186e-01
8.110000000000000542e-01 9.393742035150217662e-01
8.120000000000000551e-01 9.393725781295170218e-01
8.130000000000000560e-01 9.393709580178636331e-01
8.140000000000000568e-01 9.393693431519457571e-01
8.150000000000000577e-01 9.393677335037742271e-01
8.160000000000000586e-01 9.393661290454851098e-01
8.170000000000000595e-01 9.393645297493429247e-01
8.180000000000000604e-01 9.393629355877362030e-01
8.190000000000000613e-01 9.393613465331802637e-01
8.200000000000000622e-01 9.393597625583158806e-01
8.210000000000000631e-01 9.393581836359080617e-01
8.220000000000000639e-01 9.393566097388477143e-01
8.230000000000000648e-01 9.393550408401490914e-01
8.240000000000000657e-01 9.393534769129526785e-01
8.250000000000000666e-01 9.393519179305220845e-01
8.260000000000000675e-01 9.393503638662454858e-01
8.270000000000000684e-01 9.393488146936345151e-01
8.280000000000000693e-01 9.393472703863241513e-01
8.290000000000000702e-01 9.393457309180721637e-01
8.300000000000000711e-01 9.393441962627597785e-01
8.310000000000000719e-01 9.393426663943906796e-01
8.320000000000000728e-01 9.393411412870910082e-01
8.329999999999999627e-01 9.393396209151084753e-01
8.339999999999999636e-01 9.393381052528135822e-01
8.349999999999999645e-01 9.393365942746968456e-01
8.359999999999999654e-01 9.393350879553721278e-01
8.369999999999999662e-01 9.393335862695724181e-01
8.379999999999999671e-01 9.393320891921530524e-01
8.389999999999999680e-01 9.393305966980884936e-01
8.399999999999999689e-01 9.393291087624749958e-01
8.409999999999999698e-01 9.393276253605272741e-01
8.419999999999999707e-01 9.393261464675806138e-01
8.429999999999999716e-01 9.393246720590895382e-01
8.439999999999999725e-01 9.393232021106273644e-01
8.449999999999999734e-01 9.393217365978869804e-01
8.459999999999999742e-01 9.393202754966791801e-01
8.469999999999999751e-01 9.393188187829342173e-01
8.479999999999999760e-01 9.393173664326992522e-01
8.489999999999999769e-01 9.393159184221396840e-01
8.499999999999999778e-01 9.393144747275391504e-01
8.509999999999999787e-01 9.393130353252967524e-01
8.519999999999999796e-01 9.393116001919307179e-01
8.529999999999999805e-01 9.393101693040747380e-01
8.539999999999999813e-01 9.393087426384792993e-01
8.549999999999999822e-01 9.393073201720105736e-01
8.559999999999999831e-01 9.393059018816514172e-01
8.569999999999999840e-01 9.393044877444997054e-01
8.579999999999999849e-01 9.393030777377691098e-01
8.589999999999999858e-01 9.393016718387883213e-01
8.599999999999999867e-01 9.393002700249993842e-01
8.609999999999999876e-01 9.392988722739615826e-01
8.619999999999999885e-01 9.392974785633462220e-01
8.629999999999999893e-01 9.392960888709387390e-01
8.639999999999999902e-01 9.392947031746392561e-01
8.649999999999999911e-01 9.392933214524601393e-01
8.659999999999999920e-01 9.392919436825273305e-01
8.669999999999999929e-01 9.392905698430804584e-01
8.679999999999999938e-01 9.392891999124707292e-01
8.689999999999999947e-01 9.392878338691614815e-01
8.699999999999999956e-01 9.392864716917289636e-01
8.709999999999999964e-01 9.392851133588604462e-01
8.719999999999999973e-01 9.392837588493551104e-01
8.729999999999999982e-01 9.392824081421222715e-01
8.739999999999999991e-01 9.392810612161831552e-01
8.750000000000000000e-01 9.392797180506692323e-01
8.760000000000000009e-01 9.392783786248223299e-01
8.770000000000000018e-01 9.392770429179935210e-01
8.780000000000000027e-01 9.392757109096445678e-01
8.790000000000000036e-01 9.392743825793460344e-01
8.800000000000000044e-01 9.392730579067778418e-01
8.810000000000000053e-01 9.392717368717288240e-01
8.820000000000000062e-01 9.392704194540961726e-01
8.830000000000000071e-01 9.392691056338854372e-01
8.840000000000000080e-01 9.392677953912105249e-01
8.850000000000000089e-01 9.392664887062918133e-01
8.860000000000000098e-01 9.392651855594591481e-01
8.870000000000000107e-01 9.392638859311470689e-01
8.880000000000000115e-01 9.392625898018986952e-01
8.890000000000000124e-01 9.392612971523626175e-01
8.900000000000000133e-01 9.392600079632951182e-01
8.910000000000000142e-01 9.392587222155565074e-01
8.920000000000000151e-01 9.392574398901137878e-01
8.930000000000000160e-01 9.392561609680389889e-01
8.940000000000000169e-01 9.392548854305096118e-01
8.950000000000000178e-01 9.392536132588077402e-01
8.960000000000000187e-01 9.392523444343203742e-01
8.970000000000000195e-01 9.392510789385373204e-01
8.980000000000000204e-01 9.392498167530536346e-01
8.990000000000000213e-01 9.392485578595677342e-01
9.000000000000000222e-01 9.392473022398813987e-01
9.010000000000000231e-01 9.392460498758987697e-01
9.020000000000000240e-01 9.392448007496274620e-01
9.030000000000000249e-01 9.392435548431762316e-01
9.040000000000000258e-01 9.392423121387575291e-01
9.050000000000000266e-01 9.392410726186848358e-01
9.060000000000000275e-01 9.392398362653733290e-01
9.070000000000000284e-01 9.392386030613398828e-01
9.080000000000000293e-01 9.392373729892018464e-01
9.090000000000000302e-01 9.392361460316775990e-01
9.100000000000000311e-01 9.392349221715855512e-01
9.110000000000000320e-01 9.392337013918444777e-01
9.120000000000000329e-01 9.392324836754721851e-01
9.130000000000000338e-01 9.392312690055871771e-01
9.140000000000000346e-01 9.392300573654069895e-01
9.150000000000000355e-01 9.392288487382463025e-01
9.160000000000000364e-01 9.392276431075200493e-01
9.170000000000000373e-01 9.392264404567414182e-01
9.180000000000000382e-01 9.392252407695202976e-01
9.190000000000000391e-01 9.392240440295658299e-01
9.200000000000000400e-01 9.392228502206837470e-01
9.210000000000000409e-01 9.392216593267769253e-01
9.220000000000000417e-01 9.392204713318449416e-01
9.230000000000000426e-01 9.392192862199837400e-01
9.240000000000000435e-01 9.392181039753860761e-01
9.250000000000000444e-01 9.392169245823402957e-01
9.260000000000000453e-01 9.392157480252295576e-01
9.270000000000000462e-01 9.392145742885334991e-01
9.280000000000000471e-01 9.392134033568263485e-01
9.290000000000000480e-01 9.392122352147761477e-01
9.300000000000000488e-01 9.392110698471467511e-01
9.310000000000000497e-01 9.392099072387948278e-01
9.320000000000000506e-01 9.392087473746721926e-01
9.330000000000000515e-01 9.392075902398225873e-01
9.340000000000000524e-01 9.392064358193840112e-01
9.350000000000000533e-01 9.392052840985867235e-01
9.360000000000000542e-01 9.392041350627536866e-01
9.370000000000000551e-01 9.392029886973011221e-01
9.380000000000000560e-01 9.392018449877355124e-01
9.390000000000000568e-01 9.392007039196554885e-01
9.400000000000000577e-01 9.391995654787514969e-01
9.410000000000000586e-01 9.391984296508049113e-01
9.420000000000000595e-01 9.391972964216873665e-01
9.430000000000000604e-01 9.391961657773626460e-01
9.440000000000000613e-01 9.391950377038829068e-01
9.450000000000000622e-01 9.391939121873903451e-01
9.460000000000000631e-01 9.391927892141176404e-01
9.470000000000000639e-01 9.391916687703860678e-01
9.480000000000000648e-01 9.391905508426067195e-01
9.490000000000000657e-01 9.391894354172773962e-01
9.500000000000000666e-01 9.391883224809862707e-01
9.510000000000000675e-01 9.391872120204082242e-01
9.520000000000000684e-01 9.391861040223065116e-01
9.530000000000000693e-01 9.391849984735316514e-01
9.540000000000000702e-01 9.391838953610216478e-01
9.550000000000000711e-01 9.391827946718007691e-01
9.560000000000000719e-01 9.391816963929794371e-01
9.570000000000000728e-01 9.391806005117557810e-01
9.580000000000000737e-01 9.391795070154126401e-01
9.590000000000000746e-01 9.391784158913186742e-01
9.599999999999999645e-01 9.391773271269281409e-01
9.609999999999999654e-01 9.391762407097805632e-01
9.619999999999999662e-01 9.391751566274989527e-01
9.629999999999999671e-01 9.391740748677918083e-01
9.639999999999999680e-01 9.391729954184516727e-01
9.649999999999999689e-01 9.391719182673539112e-01
9.659999999999999698e-01 9.391708434024581553e-01
9.669999999999999707e-01 9.391697708118066368e-01
9.679999999999999716e-01 9.391687004835250763e-01
9.689999999999999725e-01 9.391676324058214620e-01
9.699999999999999734e-01 9.391665665669859386e-01
9.709999999999999742e-01 9.391655029553902523e-01
9.719999999999999751e-01 9.391644415594883055e-01
9.729999999999999760e-01 9.391633823678142701e-01
9.739999999999999769e-01 9.391623253689840300e-01
9.749999999999999778e-01 9.391612705516946269e-01
9.759999999999999787e-01 9.391602179047231491e-01
9.769999999999999796e-01 9.391591674169262882e-01
9.779999999999999805e-01 9.391581190772418930e-01
9.789999999999999813e-01 9.391570728746857499e-01
9.799999999999999822e-01 9.391560287983533595e-01
9.809999999999999831e-01 9.391549868374198251e-01
9.819999999999999840e-01 9.391539469811377439e-01
9.829999999999999849e-01 9.391529092188382055e-01
9.839999999999999858e-01 9.391518735399311257e-01
9.849999999999999867e-01 9.391508399339026925e-01
9.859999999999999876e-01 9.391498083903174754e-01
9.869999999999999885e-01 9.391487788988163166e-01
9.879999999999999893e-01 9.391477514491173295e-01
9.889999999999999902e-01 9.391467260310153442e-01
9.899999999999999911e-01 9.391457026343802417e-01
9.909999999999999920e-01 9.391446812491586194e-01
9.919999999999999929e-01 9.391436618653719037e-01
9.929999999999999938e-01 9.391426444731173495e-01
9.939999999999999947e-01 9.391416290625664853e-01
9.949999999999999956e-01 9.391406156239661129e-01
9.959999999999999964e-01 9.391396041476356427e-01
9.969999999999999973e-01 9.391385946239703131e-01
9.979999999999999982e-01 9.391375870434383044e-01
9.989999999999999991e-01 9.391365813965805165e-01
